[[9, 3],[40, 2.1]]: 26891.17 -0.97%
[[5, 3],[40, 2.1]]: 27048.84 -0.92%
[[25, 3],[30, 2]]: 27220.67 -0.86%
[[25, 3],[50, 2.1]]: 27225.68 -0.86%
[[20, 3],[50, 2.1]]: 27297.69 -0.84%
[[25, 3],[40, 2.1]]: 27579.35 -0.75%
[[25, 14],[20, 2]]: 27737.44 -0.7%
[[9, 3],[50, 2.1]]: 27900.21 -0.65%
[[15, 3],[50, 2.1]]: 27952.71 -0.63%
[[5, 3],[50, 2.1]]: 27998.32 -0.61%
[[9, 3],[30, 2]]: 28153.11 -0.57%
[[15, 3],[40, 2.1]]: 28155.72 -0.56%
[[20, 3],[40, 2.1]]: 28293.45 -0.52%
[[15, 3],[30, 2]]: 28306.65 -0.52%
[[20, 3],[30, 2]]: 28466.62 -0.47%
[[25, 14],[10, 1.9]]: 28693.06 -0.4%
[[25, 14],[30, 2]]: 28937.24 -0.32%
[[15, 5],[10, 1.9]]: 29061.89 -0.28%
[[25, 3],[10, 1.9]]: 29283.07 -0.22%
[[5, 3],[30, 2]]: 29289.29 -0.21%
[[9, 5],[50, 2.1]]: 29353.67 -0.19%
[[15, 3],[20, 2]]: 29647.85 -0.11%
[[15, 3],[10, 1.9]]: 29712.45 -0.09%
[[20, 14],[20, 2]]: 29817.72 -0.05%
[[20, 14],[40, 2.1]]: 29854.08 -0.04%
[[25, 5],[10, 1.9]]: 29981.62 -0.01%
[[20, 14],[10, 1.9]]: 30016.31 0.0%
[[15, 11],[50, 2.1]]: 30062.65 0.02%
[[20, 3],[20, 2]]: 30070.03 0.02%
[[20, 14],[30, 2]]: 30118.89 0.04%
[[20, 5],[50, 2.1]]: 30181.94 0.05%
[[9, 3],[20, 2]]: 30241.48 0.07%
[[25, 11],[10, 1.9]]: 30267.04 0.08%
[[15, 5],[50, 2.1]]: 30497.79 0.15%
[[15, 8],[20, 2]]: 30610.87 0.18%
[[25, 8],[50, 2.1]]: 30776.96 0.23%
[[25, 14],[40, 2.1]]: 30805.37 0.24%
[[25, 5],[50, 2.1]]: 30915.51 0.27%
[[20, 5],[10, 1.9]]: 30958.86 0.28%
[[9, 5],[10, 1.9]]: 31015.9 0.3%
[[25, 3],[20, 2]]: 31044.65 0.31%
[[5, 3],[20, 2]]: 31086.45 0.32%
[[9, 8],[30, 2]]: 31177.41 0.34%
[[25, 8],[10, 1.9]]: 31203.26 0.35%
[[15, 11],[10, 1.9]]: 31261.8 0.37%
[[15, 11],[30, 2]]: 31298.61 0.38%
[[20, 14],[50, 2.1]]: 31315.76 0.38%
[[20, 3],[10, 1.9]]: 31328.09 0.39%
[[15, 8],[10, 1.9]]: 31444.74 0.42%
[[20, 8],[20, 2]]: 31485.4 0.43%
[[15, 8],[40, 2.1]]: 31637.07 0.48%
[[9, 5],[40, 2.1]]: 31672.89 0.49%
[[25, 5],[20, 2]]: 31688.74 0.49%
[[25, 14],[50, 2.1]]: 31721.89 0.5%
[[20, 5],[30, 2]]: 31743.24 0.51%
[[25, 11],[40, 2.1]]: 31825.67 0.53%
[[20, 11],[50, 2.1]]: 31847.49 0.53%
[[15, 11],[20, 2]]: 31883.4 0.54%
[[20, 11],[30, 2]]: 31904.82 0.55%
[[15, 14],[40, 2.1]]: 32023.14 0.58%
[[25, 8],[20, 2]]: 32040.79 0.59%
[[9, 8],[40, 2.1]]: 32041.1 0.59%
[[25, 5],[30, 2]]: 32058.2 0.59%
[[20, 8],[10, 1.9]]: 32067.97 0.6%
[[9, 5],[30, 2]]: 32095.97 0.6%
[[9, 3],[10, 1.9]]: 32277.3 0.65%
[[9, 8],[10, 1.9]]: 32347.01 0.67%
[[20, 5],[20, 2]]: 32446.16 0.7%
[[25, 11],[20, 2]]: 32472.67 0.71%
[[15, 14],[50, 2.1]]: 32479.34 0.71%
[[20, 11],[10, 1.9]]: 32482.04 0.71%
[[15, 14],[30, 2]]: 32551.76 0.73%
[[15, 14],[20, 2]]: 32712.25 0.78%
[[20, 11],[20, 2]]: 32783.89 0.79%
[[25, 11],[30, 2]]: 32798.24 0.8%
[[15, 5],[40, 2.1]]: 32915.7 0.83%
[[15, 5],[30, 2]]: 32968.67 0.85%
[[20, 8],[40, 2.1]]: 33100.43 0.88%
[[20, 5],[40, 2.1]]: 33360.23 0.95%
[[15, 11],[40, 2.1]]: 33410.29 0.97%
[[9, 8],[50, 2.1]]: 33450.14 0.98%
[[25, 8],[40, 2.1]]: 33548.44 1.0%
[[15, 5],[20, 2]]: 33801.9 1.07%
[[25, 11],[50, 2.1]]: 33941.81 1.11%
[[20, 11],[40, 2.1]]: 33997.26 1.12%
[[20, 8],[30, 2]]: 34251.19 1.19%
[[25, 8],[30, 2]]: 34303.61 1.2%
[[20, 8],[50, 2.1]]: 34721.54 1.31%
[[15, 8],[50, 2.1]]: 34744.15 1.32%
[[25, 5],[40, 2.1]]: 34798.81 1.33%
[[9, 5],[20, 2]]: 35289.89 1.46%
[[15, 8],[30, 2]]: 35467.6 1.5%
[[9, 8],[20, 2]]: 35796.24 1.59%
[[15, 14],[10, 1.9]]: 36144.15 1.68%
[[5, 3],[10, 1.9]]: 37397.35 1.99%
hold_obdobje: 1
KONEC! 0:23:29.397422
