[[5, 3],[40, 2.1]]: 25972.11 -0.97% 28984.38
[[25, 3],[30, 2]]: 26278.58 -0.87% 28969.61
[[25, 14],[20, 2]]: 26652.46 -0.67% 28753.81
[[5, 3],[50, 2.1]]: 26973.02 -0.65% 29020.52
[[9, 3],[40, 2.1]]: 27044.05 -0.6% 28934.45
[[25, 3],[50, 2.1]]: 27146.3 -0.56% 28902.63
[[20, 3],[50, 2.1]]: 27340.09 -0.5% 28934.91
[[20, 3],[30, 2]]: 27428.36 -0.47% 28908.6
[[9, 3],[50, 2.1]]: 27614.8 -0.4% 28885.1
[[25, 14],[10, 1.9]]: 27704.91 -0.38% 28896.47
[[15, 3],[50, 2.1]]: 27849.28 -0.33% 28902.92
[[15, 5],[10, 1.9]]: 27966.56 -0.26% 28784.43
[[9, 3],[30, 2]]: 27991.63 -0.26% 28833.97
[[25, 3],[40, 2.1]]: 28021.2 -0.3% 28994.46
[[25, 14],[30, 2]]: 28091.94 -0.33% 29148.72
[[20, 5],[50, 2.1]]: 28115.38 -0.09% 28389.96
[[25, 3],[10, 1.9]]: 28159.17 -0.24% 28924.42
[[5, 3],[30, 2]]: 28196.19 -0.25% 28995.61
[[15, 3],[40, 2.1]]: 28239.98 -0.21% 28926.73
[[9, 5],[50, 2.1]]: 28315.87 -0.21% 28980.23
[[15, 3],[20, 2]]: 28330.56 0.01% 28303.19
[[9, 3],[20, 2]]: 28383.68 -0.06% 28583.57
[[15, 3],[30, 2]]: 28386.51 -0.15% 28882.88
[[15, 3],[10, 1.9]]: 28401.88 -0.08% 28657.86
[[25, 5],[10, 1.9]]: 28510.11 -0.05% 28683.96
[[15, 5],[50, 2.1]]: 28512.5 0.05% 28367.51
[[20, 3],[20, 2]]: 28516.74 0.06% 28316.2
[[15, 11],[50, 2.1]]: 28641.15 0.01% 28622.94
[[20, 3],[40, 2.1]]: 28789.32 -0.06% 28991.38
[[20, 14],[20, 2]]: 28870.12 -0.01% 28916.87
[[25, 5],[50, 2.1]]: 28968.13 0.15% 28494.97
[[25, 11],[10, 1.9]]: 29089.07 0.11% 28719.66
[[20, 14],[10, 1.9]]: 29133.57 0.04% 28989.32
[[15, 8],[20, 2]]: 29249.41 0.13% 28818.49
[[20, 14],[30, 2]]: 29386.49 0.04% 29263.21
[[25, 3],[20, 2]]: 29489.12 0.35% 28369.18
[[9, 5],[10, 1.9]]: 29569.54 0.28% 28669.71
[[20, 14],[40, 2.1]]: 29570.57 -0.04% 29715.76
[[25, 8],[50, 2.1]]: 29670.0 0.26% 28834.86
[[20, 5],[10, 1.9]]: 29724.31 0.31% 28719.42
[[15, 11],[10, 1.9]]: 29881.61 0.34% 28762.73
[[25, 5],[20, 2]]: 29921.71 0.43% 28519.11
[[20, 8],[20, 2]]: 29932.26 0.41% 28595.36
[[15, 8],[10, 1.9]]: 30037.82 0.39% 28765.47
[[20, 3],[10, 1.9]]: 30082.52 0.44% 28637.61
[[25, 8],[10, 1.9]]: 30083.19 0.39% 28812.66
[[15, 11],[30, 2]]: 30113.03 0.39% 28825.33
[[9, 8],[30, 2]]: 30125.06 0.35% 28969.2
[[25, 14],[40, 2.1]]: 30243.2 0.24% 29437.34
[[9, 5],[40, 2.1]]: 30360.16 0.45% 28880.98
[[9, 5],[30, 2]]: 30360.99 0.57% 28487.65
[[25, 8],[20, 2]]: 30491.98 0.61% 28470.07
[[20, 11],[30, 2]]: 30528.18 0.57% 28629.12
[[20, 11],[50, 2.1]]: 30562.36 0.56% 28702.05
[[15, 11],[20, 2]]: 30565.08 0.57% 28692.03
[[15, 8],[40, 2.1]]: 30569.94 0.44% 29086.75
[[20, 8],[10, 1.9]]: 30626.71 0.57% 28724.47
[[5, 3],[20, 2]]: 30663.55 0.48% 29065.5
[[20, 5],[30, 2]]: 30700.62 0.54% 28907.19
[[9, 8],[40, 2.1]]: 30729.78 0.58% 28815.51
[[20, 14],[50, 2.1]]: 30756.41 0.43% 29315.58
[[20, 5],[20, 2]]: 30763.48 0.66% 28578.72
[[15, 5],[40, 2.1]]: 30886.55 0.77% 28347.28
[[9, 8],[10, 1.9]]: 30898.26 0.69% 28594.28
[[25, 11],[40, 2.1]]: 30902.83 0.54% 29096.64
[[25, 14],[50, 2.1]]: 30942.18 0.51% 29231.57
[[25, 5],[30, 2]]: 31026.8 0.63% 28924.37
[[9, 3],[10, 1.9]]: 31041.72 0.63% 28917.44
[[25, 11],[20, 2]]: 31141.0 0.78% 28538.63
[[20, 11],[20, 2]]: 31264.79 0.83% 28511.66
[[20, 11],[10, 1.9]]: 31335.99 0.74% 28844.67
[[20, 5],[40, 2.1]]: 31369.14 0.9% 28374.73
[[15, 14],[40, 2.1]]: 31487.18 0.59% 29463.33
[[15, 14],[20, 2]]: 31576.57 0.8% 28886.43
[[25, 11],[30, 2]]: 31580.73 0.82% 28813.62
[[15, 14],[30, 2]]: 31614.78 0.75% 29061.3
[[15, 5],[30, 2]]: 31813.77 0.87% 28870.31
[[15, 11],[40, 2.1]]: 31925.02 1.01% 28526.04
[[9, 8],[50, 2.1]]: 31940.25 0.94% 28747.47
[[15, 14],[50, 2.1]]: 32042.85 0.72% 29561.66
[[25, 11],[50, 2.1]]: 32112.44 0.93% 28938.08
[[20, 8],[40, 2.1]]: 32117.55 0.88% 29098.66
[[15, 5],[20, 2]]: 32246.24 1.07% 28607.48
[[25, 8],[40, 2.1]]: 32488.63 1.02% 28986.59
[[20, 11],[40, 2.1]]: 32686.43 1.16% 28713.34
[[20, 8],[30, 2]]: 32907.56 1.19% 28823.76
[[25, 5],[40, 2.1]]: 32940.82 1.33% 28407.98
[[25, 8],[30, 2]]: 33045.38 1.24% 28782.43
[[20, 8],[50, 2.1]]: 33683.8 1.31% 29096.73
[[9, 5],[20, 2]]: 33696.97 1.47% 28616.45
[[15, 8],[50, 2.1]]: 33707.18 1.32% 29103.26
[[15, 8],[30, 2]]: 34446.81 1.49% 29172.24
[[15, 14],[10, 1.9]]: 35179.51 1.71% 29094.15
[[9, 8],[20, 2]]: 35228.61 1.6% 29489.27
[[5, 3],[10, 1.9]]: 36227.56 2.12% 28628.89
hold_obdobje: 7
KONEC! 0:19:50.550881
