[[15, 5],[20, 2]]: 24220.01 -1.56% 28890.61
[[25, 3],[20, 2]]: 24353.99 -1.49% 28805.92
[[15, 3],[20, 2]]: 24747.64 -1.36% 28843.73
[[20, 3],[20, 2]]: 25091.6 -1.23% 28809.86
[[20, 5],[20, 2]]: 25389.97 -1.15% 28902.09
[[25, 3],[50, 2.1]]: 25616.42 -1.11% 29038.37
[[25, 5],[50, 2.1]]: 25659.03 -1.09% 29013.03
[[20, 3],[40, 2.1]]: 25667.9 -1.09% 29025.53
[[20, 5],[40, 2.1]]: 25764.67 -0.98% 28755.71
[[20, 5],[50, 2.1]]: 25953.06 -0.93% 28809.45
[[25, 3],[40, 2.1]]: 26031.89 -0.96% 29009.27
[[20, 3],[50, 2.1]]: 26233.12 -0.84% 28818.56
[[20, 8],[50, 2.1]]: 26330.32 -0.76% 28681.52
[[25, 5],[40, 2.1]]: 26334.51 -0.81% 28840.75
[[25, 8],[50, 2.1]]: 26352.83 -0.84% 28977.96
[[20, 5],[30, 2]]: 26592.71 -0.7% 28768.61
[[25, 11],[50, 2.1]]: 26594.27 -0.7% 28774.52
[[20, 8],[40, 2.1]]: 26613.98 -0.81% 29165.72
[[20, 8],[30, 2]]: 26943.68 -0.61% 28842.9
[[9, 5],[20, 2]]: 27195.92 -0.59% 29053.06
[[25, 8],[40, 2.1]]: 27251.71 -0.56% 29016.0
[[15, 8],[20, 2]]: 27268.91 -0.44% 28644.96
[[25, 5],[30, 2]]: 27293.22 -0.47% 28762.8
[[20, 11],[50, 2.1]]: 27369.28 -0.44% 28746.74
[[20, 3],[30, 2]]: 27538.89 -0.45% 28954.1
[[15, 3],[40, 2.1]]: 27599.01 -0.45% 29031.3
[[9, 3],[10, 1.9]]: 27622.19 -0.45% 29058.47
[[25, 5],[10, 1.9]]: 27627.49 -0.38% 28822.17
[[25, 5],[20, 2]]: 27637.79 -0.37% 28803.25
[[25, 3],[30, 2]]: 27672.1 -0.4% 28956.52
[[25, 11],[30, 2]]: 27999.73 -0.21% 28677.16
[[15, 3],[10, 1.9]]: 28085.06 -0.31% 29066.39
[[25, 3],[10, 1.9]]: 28159.84 -0.25% 28949.72
[[25, 8],[30, 2]]: 28178.76 -0.08% 28428.75
[[25, 11],[40, 2.1]]: 28327.81 -0.22% 29051.31
[[15, 5],[30, 2]]: 28354.36 -0.16% 28860.97
[[15, 5],[40, 2.1]]: 28411.99 -0.21% 29100.28
[[25, 14],[50, 2.1]]: 28468.72 -0.07% 28696.56
[[15, 5],[10, 1.9]]: 28537.26 -0.13% 28958.25
[[20, 5],[10, 1.9]]: 28591.28 -0.07% 28805.18
[[15, 8],[40, 2.1]]: 28702.46 -0.09% 28982.39
[[15, 5],[50, 2.1]]: 28795.76 -0.0% 28796.22
[[25, 14],[20, 2]]: 28809.34 0.01% 28787.76
[[15, 3],[30, 2]]: 28873.34 -0.04% 29016.44
[[9, 3],[40, 2.1]]: 28876.98 -0.01% 28913.51
[[20, 8],[10, 1.9]]: 28890.69 0.01% 28850.61
[[9, 3],[20, 2]]: 29095.04 0.06% 28889.18
[[25, 8],[20, 2]]: 29128.41 0.17% 28573.19
[[20, 11],[10, 1.9]]: 29176.58 0.14% 28717.06
[[15, 8],[30, 2]]: 29202.66 0.23% 28460.16
[[15, 11],[10, 1.9]]: 29280.94 0.2% 28641.45
[[25, 11],[20, 2]]: 29282.84 0.23% 28534.83
[[25, 14],[30, 2]]: 29406.57 0.28% 28486.39
[[15, 8],[50, 2.1]]: 29458.68 0.22% 28750.79
[[20, 3],[10, 1.9]]: 29531.12 0.17% 28972.44
[[20, 14],[50, 2.1]]: 29547.6 0.25% 28730.42
[[25, 8],[10, 1.9]]: 29655.56 0.25% 28852.57
[[20, 14],[10, 1.9]]: 29923.68 0.42% 28554.68
[[9, 5],[40, 2.1]]: 29973.26 0.26% 29105.26
[[15, 11],[20, 2]]: 30030.32 0.42% 28650.51
[[9, 3],[30, 2]]: 30091.7 0.36% 28890.95
[[20, 11],[40, 2.1]]: 30108.26 0.32% 29038.1
[[25, 11],[10, 1.9]]: 30119.93 0.35% 28959.1
[[15, 3],[50, 2.1]]: 30184.6 0.41% 28820.14
[[20, 8],[20, 2]]: 30202.78 0.51% 28542.99
[[20, 11],[30, 2]]: 30271.25 0.47% 28709.94
[[15, 8],[10, 1.9]]: 30449.91 0.47% 28876.05
[[25, 14],[10, 1.9]]: 30512.79 0.53% 28745.43
[[9, 5],[30, 2]]: 30794.61 0.64% 28678.44
[[5, 3],[10, 1.9]]: 30937.12 0.54% 29127.68
[[9, 8],[20, 2]]: 31022.62 0.6% 29003.22
[[5, 3],[20, 2]]: 31070.02 0.63% 28945.8
[[9, 5],[10, 1.9]]: 31302.13 0.67% 29032.46
[[20, 14],[30, 2]]: 31352.5 0.9% 28368.35
[[20, 14],[20, 2]]: 31410.05 0.78% 28796.29
[[9, 8],[40, 2.1]]: 31454.29 0.73% 28993.09
[[15, 11],[40, 2.1]]: 31520.76 0.76% 28966.45
[[15, 14],[30, 2]]: 31588.75 0.93% 28489.27
[[15, 14],[10, 1.9]]: 31672.6 0.89% 28670.76
[[9, 8],[30, 2]]: 31878.08 0.94% 28702.94
[[9, 3],[50, 2.1]]: 32227.4 0.94% 29005.65
[[15, 14],[40, 2.1]]: 32356.52 1.04% 28808.17
[[9, 5],[50, 2.1]]: 32916.17 1.14% 28976.24
[[20, 11],[20, 2]]: 33078.17 1.35% 28456.58
[[15, 11],[30, 2]]: 33180.51 1.32% 28631.45
[[5, 3],[40, 2.1]]: 33208.32 1.11% 29359.38
[[9, 8],[10, 1.9]]: 33663.75 1.35% 28976.7
[[9, 8],[50, 2.1]]: 33664.36 1.31% 29110.08
[[5, 3],[50, 2.1]]: 33776.12 1.24% 29416.05
[[25, 14],[40, 2.1]]: 33843.64 1.4% 28962.8
[[15, 11],[50, 2.1]]: 34039.09 1.46% 28922.8
[[20, 14],[40, 2.1]]: 34585.71 1.6% 28941.76
[[5, 3],[30, 2]]: 35010.19 1.68% 29043.21
[[15, 14],[50, 2.1]]: 35838.78 1.93% 28933.88
[[15, 14],[20, 2]]: 36592.93 1.98% 29385.8
hold_obdobje: 31
KONEC! 0:20:40.322562
