[[5, 3],[40, 2.1]]: 26348.79 -0.74% 28984.38
[[25, 3],[30, 2]]: 26898.67 -0.58% 28969.61
[[25, 14],[20, 2]]: 27540.91 -0.34% 28753.81
[[9, 3],[40, 2.1]]: 27566.98 -0.38% 28934.45
[[5, 3],[50, 2.1]]: 27647.91 -0.38% 29020.52
[[25, 14],[10, 1.9]]: 28065.25 -0.22% 28877.35
[[25, 3],[50, 2.1]]: 28316.68 -0.16% 28902.63
[[20, 3],[30, 2]]: 28316.96 -0.16% 28908.6
[[15, 3],[20, 2]]: 28412.67 0.03% 28303.19
[[9, 3],[30, 2]]: 28489.31 -0.09% 28833.97
[[20, 3],[50, 2.1]]: 28491.53 -0.12% 28934.91
[[25, 3],[40, 2.1]]: 28526.1 -0.13% 28994.46
[[9, 3],[50, 2.1]]: 28533.47 -0.1% 28885.1
[[15, 3],[40, 2.1]]: 28836.5 -0.02% 28926.73
[[25, 14],[30, 2]]: 28889.25 -0.07% 29148.72
[[20, 3],[20, 2]]: 28892.62 0.16% 28316.2
[[5, 3],[30, 2]]: 29037.75 0.01% 28995.61
[[15, 3],[30, 2]]: 29071.11 0.05% 28882.88
[[15, 3],[50, 2.1]]: 29085.09 0.05% 28902.92
[[20, 3],[40, 2.1]]: 29307.91 0.08% 28991.38
[[9, 3],[20, 2]]: 29313.37 0.2% 28583.57
[[15, 8],[20, 2]]: 29363.45 0.18% 28697.04
[[25, 3],[10, 1.9]]: 29384.65 0.12% 28924.42
[[20, 5],[50, 2.1]]: 29561.91 0.32% 28389.96
[[15, 5],[10, 1.9]]: 29631.67 0.23% 28784.43
[[25, 5],[10, 1.9]]: 29637.37 0.26% 28683.96
[[9, 5],[50, 2.1]]: 29692.8 0.19% 28980.23
[[20, 14],[10, 1.9]]: 29715.36 0.2% 28970.2
[[15, 11],[50, 2.1]]: 29719.32 0.29% 28622.94
[[15, 5],[50, 2.1]]: 29744.65 0.37% 28367.51
[[15, 3],[10, 1.9]]: 29800.7 0.31% 28657.86
[[20, 14],[20, 2]]: 29801.2 0.25% 28870.68
[[25, 8],[50, 2.1]]: 29893.16 0.28% 28834.86
[[20, 14],[40, 2.1]]: 29893.31 0.05% 29715.76
[[20, 14],[30, 2]]: 29932.51 0.18% 29263.21
[[15, 11],[10, 1.9]]: 30005.38 0.33% 28762.73
[[20, 5],[10, 1.9]]: 30286.15 0.42% 28719.42
[[25, 11],[10, 1.9]]: 30308.39 0.43% 28699.97
[[20, 8],[20, 2]]: 30323.96 0.46% 28595.36
[[25, 3],[20, 2]]: 30338.59 0.53% 28369.18
[[25, 5],[50, 2.1]]: 30526.29 0.54% 28494.97
[[25, 8],[10, 1.9]]: 30590.03 0.47% 28812.66
[[15, 8],[10, 1.9]]: 30699.45 0.51% 28765.47
[[25, 14],[40, 2.1]]: 30822.46 0.36% 29437.34
[[15, 11],[20, 2]]: 31019.27 0.61% 28680.37
[[20, 8],[10, 1.9]]: 31163.69 0.64% 28724.47
[[20, 14],[50, 2.1]]: 31245.48 0.5% 29296.19
[[25, 5],[20, 2]]: 31271.24 0.72% 28519.11
[[15, 8],[40, 2.1]]: 31280.11 0.57% 29086.75
[[20, 11],[50, 2.1]]: 31534.06 0.74% 28682.36
[[20, 11],[30, 2]]: 31547.3 0.77% 28609.43
[[20, 3],[10, 1.9]]: 31607.43 0.77% 28637.61
[[9, 8],[30, 2]]: 31662.79 0.7% 28956.5
[[25, 14],[50, 2.1]]: 31781.54 0.66% 29231.57
[[5, 3],[20, 2]]: 31918.05 0.73% 29065.5
[[15, 11],[30, 2]]: 31920.07 0.8% 28813.68
[[15, 5],[40, 2.1]]: 31942.06 0.94% 28347.28
[[25, 5],[30, 2]]: 31944.92 0.78% 28924.37
[[20, 11],[10, 1.9]]: 31975.43 0.81% 28824.98
[[9, 8],[10, 1.9]]: 32087.83 0.9% 28594.28
[[9, 5],[10, 1.9]]: 32101.1 0.89% 28669.71
[[9, 5],[40, 2.1]]: 32153.1 0.84% 28880.98
[[20, 11],[20, 2]]: 32155.61 0.98% 28365.11
[[15, 14],[20, 2]]: 32235.38 0.89% 28782.72
[[20, 5],[20, 2]]: 32262.5 0.96% 28547.13
[[9, 5],[30, 2]]: 32277.58 0.98% 28487.65
[[9, 3],[10, 1.9]]: 32296.57 0.87% 28917.44
[[20, 8],[40, 2.1]]: 32314.32 0.82% 29098.66
[[20, 5],[30, 2]]: 32384.26 0.89% 28907.19
[[15, 14],[30, 2]]: 32436.56 0.86% 29061.3
[[9, 8],[50, 2.1]]: 32461.5 0.95% 28747.47
[[25, 8],[40, 2.1]]: 32564.79 0.91% 28986.59
[[9, 8],[40, 2.1]]: 32597.82 0.97% 28815.51
[[25, 11],[20, 2]]: 32625.59 1.06% 28518.94
[[15, 14],[40, 2.1]]: 32651.83 0.81% 29463.33
[[15, 5],[30, 2]]: 32694.55 0.98% 28870.31
[[25, 8],[20, 2]]: 32741.48 1.1% 28470.07
[[20, 5],[40, 2.1]]: 32828.48 1.14% 28374.73
[[25, 11],[50, 2.1]]: 33013.65 1.04% 28918.38
[[20, 8],[30, 2]]: 33187.26 1.11% 28823.76
[[15, 5],[20, 2]]: 33237.84 1.18% 28607.48
[[25, 11],[30, 2]]: 33323.91 1.15% 28793.92
[[25, 11],[40, 2.1]]: 33372.22 1.08% 29076.94
[[25, 8],[30, 2]]: 33561.44 1.21% 28782.43
[[15, 14],[50, 2.1]]: 33876.6 1.07% 29549.2
[[20, 8],[50, 2.1]]: 34045.43 1.23% 29096.73
[[25, 5],[40, 2.1]]: 34069.37 1.43% 28407.98
[[15, 11],[40, 2.1]]: 34105.99 1.4% 28526.04
[[15, 8],[50, 2.1]]: 34134.59 1.25% 29103.26
[[20, 11],[40, 2.1]]: 34665.75 1.49% 28693.64
[[15, 8],[30, 2]]: 35113.28 1.46% 29172.24
[[15, 14],[10, 1.9]]: 36079.16 1.72% 29002.9
[[9, 5],[20, 2]]: 36371.67 1.89% 28616.45
[[5, 3],[10, 1.9]]: 37061.88 2.04% 28628.89
[[9, 8],[20, 2]]: 37369.57 1.92% 29306.91
hold_obdobje: 31
KONEC! 0:23:12.520427
