[[5, 3],[40, 2.1]]: 26300.38 -0.76% 28984.38
[[25, 3],[30, 2]]: 27047.33 -0.53% 28969.61
[[25, 14],[20, 2]]: 27540.91 -0.34% 28753.81
[[9, 3],[40, 2.1]]: 27683.3 -0.34% 28934.45
[[5, 3],[50, 2.1]]: 27850.92 -0.32% 29020.52
[[25, 14],[10, 1.9]]: 28065.25 -0.22% 28877.35
[[25, 3],[50, 2.1]]: 28158.34 -0.2% 28902.63
[[20, 3],[30, 2]]: 28270.56 -0.17% 28908.6
[[20, 3],[50, 2.1]]: 28337.95 -0.16% 28934.91
[[9, 3],[50, 2.1]]: 28526.95 -0.1% 28885.1
[[15, 5],[10, 1.9]]: 28541.89 -0.07% 28784.43
[[15, 3],[20, 2]]: 28626.1 0.09% 28303.19
[[9, 3],[30, 2]]: 28664.6 -0.05% 28833.97
[[25, 3],[40, 2.1]]: 28666.11 -0.09% 28994.46
[[15, 3],[40, 2.1]]: 28870.85 -0.02% 28926.73
[[25, 14],[30, 2]]: 28889.25 -0.07% 29148.72
[[15, 3],[50, 2.1]]: 28934.44 0.01% 28902.92
[[9, 3],[20, 2]]: 28970.58 0.11% 28583.57
[[20, 3],[20, 2]]: 29027.11 0.19% 28316.2
[[5, 3],[30, 2]]: 29094.85 0.03% 28995.61
[[15, 3],[30, 2]]: 29151.98 0.07% 28882.88
[[15, 3],[10, 1.9]]: 29163.1 0.14% 28657.86
[[25, 3],[10, 1.9]]: 29266.86 0.09% 28924.42
[[20, 5],[50, 2.1]]: 29287.06 0.24% 28389.96
[[15, 8],[20, 2]]: 29363.45 0.18% 28697.04
[[20, 3],[40, 2.1]]: 29420.37 0.11% 28991.38
[[15, 5],[50, 2.1]]: 29541.99 0.32% 28367.51
[[9, 5],[50, 2.1]]: 29607.23 0.17% 28980.23
[[25, 5],[10, 1.9]]: 29637.37 0.26% 28683.96
[[20, 14],[10, 1.9]]: 29715.36 0.2% 28970.2
[[15, 11],[50, 2.1]]: 29719.32 0.29% 28622.94
[[20, 14],[20, 2]]: 29801.2 0.25% 28870.68
[[25, 8],[50, 2.1]]: 29893.16 0.28% 28834.86
[[20, 14],[40, 2.1]]: 29893.31 0.05% 29715.76
[[20, 14],[30, 2]]: 29932.51 0.18% 29263.21
[[15, 11],[10, 1.9]]: 30005.38 0.33% 28762.73
[[25, 5],[50, 2.1]]: 30248.08 0.47% 28494.97
[[20, 5],[10, 1.9]]: 30286.15 0.42% 28719.42
[[25, 11],[10, 1.9]]: 30308.39 0.43% 28699.97
[[20, 8],[20, 2]]: 30323.96 0.46% 28595.36
[[25, 3],[20, 2]]: 30483.98 0.56% 28369.18
[[25, 8],[10, 1.9]]: 30590.03 0.47% 28812.66
[[15, 8],[10, 1.9]]: 30702.62 0.51% 28765.47
[[25, 14],[40, 2.1]]: 30822.46 0.36% 29437.34
[[15, 11],[20, 2]]: 31019.27 0.61% 28680.37
[[20, 3],[10, 1.9]]: 31115.85 0.65% 28637.61
[[20, 8],[10, 1.9]]: 31160.21 0.64% 28724.47
[[5, 3],[20, 2]]: 31239.74 0.56% 29065.5
[[20, 14],[50, 2.1]]: 31245.48 0.5% 29296.19
[[25, 5],[20, 2]]: 31271.24 0.72% 28519.11
[[15, 8],[40, 2.1]]: 31280.11 0.57% 29086.75
[[20, 11],[50, 2.1]]: 31534.06 0.74% 28682.36
[[20, 11],[30, 2]]: 31547.3 0.77% 28609.43
[[9, 8],[30, 2]]: 31652.92 0.7% 28956.5
[[25, 14],[50, 2.1]]: 31781.54 0.66% 29231.57
[[15, 5],[40, 2.1]]: 31809.87 0.9% 28347.28
[[9, 5],[10, 1.9]]: 31842.13 0.82% 28669.71
[[15, 11],[30, 2]]: 31920.07 0.8% 28813.68
[[9, 3],[10, 1.9]]: 31932.19 0.78% 28917.44
[[25, 5],[30, 2]]: 31944.92 0.78% 28924.37
[[20, 11],[10, 1.9]]: 31975.43 0.81% 28824.98
[[9, 8],[10, 1.9]]: 32077.47 0.9% 28594.28
[[9, 5],[40, 2.1]]: 32079.61 0.82% 28880.98
[[20, 5],[30, 2]]: 32105.1 0.82% 28907.19
[[20, 11],[20, 2]]: 32155.61 0.98% 28365.11
[[20, 5],[20, 2]]: 32194.82 0.94% 28547.13
[[9, 5],[30, 2]]: 32207.66 0.96% 28487.65
[[15, 14],[20, 2]]: 32235.38 0.89% 28782.72
[[20, 8],[40, 2.1]]: 32314.32 0.82% 29098.66
[[15, 14],[30, 2]]: 32436.56 0.86% 29061.3
[[9, 8],[50, 2.1]]: 32461.5 0.95% 28747.47
[[25, 8],[40, 2.1]]: 32564.79 0.91% 28986.59
[[9, 8],[40, 2.1]]: 32597.82 0.97% 28815.51
[[25, 11],[20, 2]]: 32625.59 1.06% 28518.94
[[15, 14],[40, 2.1]]: 32651.83 0.81% 29463.33
[[20, 5],[40, 2.1]]: 32707.24 1.12% 28374.73
[[25, 8],[20, 2]]: 32741.48 1.1% 28470.07
[[15, 5],[30, 2]]: 32763.18 0.99% 28870.31
[[25, 11],[50, 2.1]]: 33013.65 1.04% 28918.38
[[20, 8],[30, 2]]: 33187.26 1.11% 28823.76
[[15, 5],[20, 2]]: 33237.84 1.18% 28607.48
[[25, 11],[30, 2]]: 33323.91 1.15% 28793.92
[[25, 11],[40, 2.1]]: 33372.22 1.08% 29076.94
[[25, 8],[30, 2]]: 33561.44 1.21% 28782.43
[[15, 14],[50, 2.1]]: 33876.6 1.07% 29549.2
[[25, 5],[40, 2.1]]: 33989.07 1.41% 28407.98
[[20, 8],[50, 2.1]]: 33993.55 1.22% 29096.73
[[15, 11],[40, 2.1]]: 34105.99 1.4% 28526.04
[[15, 8],[50, 2.1]]: 34134.59 1.25% 29103.26
[[20, 11],[40, 2.1]]: 34665.75 1.49% 28693.64
[[15, 8],[30, 2]]: 35113.28 1.46% 29172.24
[[15, 14],[10, 1.9]]: 36079.16 1.72% 29002.9
[[9, 5],[20, 2]]: 36245.91 1.86% 28616.45
[[9, 8],[20, 2]]: 37369.57 1.92% 29306.91
[[5, 3],[10, 1.9]]: 37529.51 2.14% 28628.89
hold_obdobje: 1
KONEC! 0:23:12.952425
