[[25, 3],[20, 2]]: 24228.69 -1.34% 28805.92
[[15, 5],[20, 2]]: 24663.94 -1.23% 28890.61
[[15, 3],[20, 2]]: 24742.4 -1.19% 28843.73
[[20, 3],[20, 2]]: 24907.25 -1.13% 28809.86
[[20, 5],[20, 2]]: 25464.32 -0.98% 28902.09
[[20, 3],[40, 2.1]]: 25796.27 -0.92% 29025.53
[[25, 3],[50, 2.1]]: 26084.69 -0.83% 29038.37
[[25, 5],[50, 2.1]]: 26152.87 -0.81% 29013.03
[[25, 3],[40, 2.1]]: 26290.44 -0.77% 29009.27
[[20, 5],[50, 2.1]]: 26451.31 -0.66% 28809.45
[[20, 5],[40, 2.1]]: 26585.87 -0.61% 28755.71
[[20, 3],[50, 2.1]]: 26737.19 -0.58% 28818.56
[[20, 8],[50, 2.1]]: 26772.64 -0.54% 28681.52
[[25, 8],[50, 2.1]]: 26848.89 -0.59% 28977.96
[[20, 5],[30, 2]]: 26908.35 -0.52% 28768.61
[[25, 5],[40, 2.1]]: 27192.86 -0.46% 28840.75
[[20, 8],[30, 2]]: 27226.75 -0.45% 28842.9
[[20, 8],[40, 2.1]]: 27330.4 -0.51% 29165.72
[[9, 5],[20, 2]]: 27402.07 -0.46% 29053.06
[[25, 11],[50, 2.1]]: 27538.54 -0.34% 28774.52
[[20, 3],[30, 2]]: 27653.21 -0.36% 28954.1
[[25, 5],[10, 1.9]]: 27770.54 -0.29% 28822.17
[[25, 5],[30, 2]]: 27862.98 -0.25% 28762.8
[[25, 3],[30, 2]]: 27932.38 -0.28% 28956.52
[[25, 8],[40, 2.1]]: 27969.35 -0.29% 29016.0
[[20, 11],[50, 2.1]]: 28055.51 -0.19% 28746.74
[[25, 5],[20, 2]]: 28082.75 -0.2% 28803.25
[[15, 8],[20, 2]]: 28302.55 -0.09% 28644.96
[[15, 5],[30, 2]]: 28319.4 -0.15% 28860.97
[[15, 3],[40, 2.1]]: 28355.5 -0.18% 29031.3
[[9, 3],[10, 1.9]]: 28422.49 -0.17% 29058.47
[[9, 3],[20, 2]]: 28495.47 -0.11% 28889.18
[[25, 8],[30, 2]]: 28568.6 0.04% 28428.75
[[15, 3],[10, 1.9]]: 28610.84 -0.12% 29066.39
[[25, 3],[10, 1.9]]: 28746.88 -0.05% 28949.72
[[20, 5],[10, 1.9]]: 28785.55 -0.01% 28805.18
[[15, 5],[10, 1.9]]: 28801.32 -0.04% 28958.25
[[15, 3],[30, 2]]: 28962.74 -0.01% 29016.44
[[15, 5],[40, 2.1]]: 29104.03 0.0% 29100.28
[[15, 5],[50, 2.1]]: 29118.98 0.09% 28796.22
[[25, 14],[50, 2.1]]: 29138.82 0.12% 28696.56
[[15, 8],[30, 2]]: 29270.72 0.22% 28460.16
[[25, 14],[20, 2]]: 29313.03 0.16% 28721.83
[[25, 11],[40, 2.1]]: 29572.76 0.14% 29051.31
[[15, 8],[40, 2.1]]: 29609.88 0.17% 28982.39
[[20, 8],[10, 1.9]]: 29664.8 0.24% 28757.16
[[20, 3],[10, 1.9]]: 29667.08 0.19% 28972.44
[[20, 11],[10, 1.9]]: 29707.22 0.28% 28672.36
[[25, 8],[20, 2]]: 29743.14 0.31% 28573.19
[[25, 11],[30, 2]]: 29902.41 0.33% 28677.16
[[20, 14],[50, 2.1]]: 29916.68 0.32% 28730.42
[[25, 8],[10, 1.9]]: 29995.43 0.32% 28786.76
[[15, 8],[50, 2.1]]: 30094.77 0.36% 28750.79
[[9, 3],[40, 2.1]]: 30186.46 0.34% 28913.51
[[15, 8],[10, 1.9]]: 30385.26 0.4% 28876.05
[[20, 14],[20, 2]]: 30400.6 0.47% 28634.39
[[20, 14],[10, 1.9]]: 30496.88 0.53% 28509.97
[[25, 14],[30, 2]]: 30520.46 0.54% 28486.39
[[20, 8],[20, 2]]: 30616.52 0.55% 28542.99
[[25, 11],[10, 1.9]]: 30712.02 0.47% 28914.4
[[25, 11],[20, 2]]: 30722.49 0.58% 28534.83
[[15, 11],[10, 1.9]]: 30889.19 0.59% 28641.45
[[15, 3],[50, 2.1]]: 30960.59 0.56% 28820.14
[[9, 3],[30, 2]]: 31078.64 0.57% 28890.95
[[5, 3],[10, 1.9]]: 31237.32 0.55% 29127.68
[[9, 5],[40, 2.1]]: 31273.61 0.56% 29105.26
[[20, 11],[40, 2.1]]: 31276.26 0.58% 29038.1
[[15, 11],[20, 2]]: 31364.44 0.72% 28599.01
[[9, 8],[20, 2]]: 31558.85 0.66% 29003.22
[[5, 3],[20, 2]]: 31666.95 0.7% 28945.8
[[20, 11],[30, 2]]: 31961.23 0.84% 28709.94
[[9, 5],[10, 1.9]]: 32081.56 0.78% 29032.46
[[9, 5],[30, 2]]: 32156.67 0.9% 28678.44
[[20, 14],[30, 2]]: 32263.26 1.01% 28368.35
[[9, 8],[30, 2]]: 32454.49 0.97% 28681.78
[[25, 14],[10, 1.9]]: 32481.29 0.96% 28745.43
[[20, 11],[20, 2]]: 32869.17 1.13% 28456.58
[[15, 14],[10, 1.9]]: 32921.36 1.09% 28670.76
[[15, 11],[40, 2.1]]: 33146.76 1.06% 28966.45
[[15, 11],[30, 2]]: 33235.95 1.17% 28631.45
[[15, 14],[30, 2]]: 33273.68 1.23% 28449.62
[[9, 8],[40, 2.1]]: 33277.86 1.08% 28993.09
[[9, 3],[50, 2.1]]: 33442.25 1.12% 29005.65
[[9, 5],[50, 2.1]]: 33705.62 1.19% 28976.24
[[5, 3],[40, 2.1]]: 34021.35 1.16% 29359.38
[[9, 8],[50, 2.1]]: 34515.89 1.34% 29110.08
[[25, 14],[40, 2.1]]: 35292.13 1.56% 28962.8
[[15, 14],[40, 2.1]]: 35378.8 1.62% 28808.17
[[5, 3],[30, 2]]: 35682.1 1.62% 29043.21
[[15, 11],[50, 2.1]]: 35909.23 1.7% 28922.8
[[20, 14],[40, 2.1]]: 35958.79 1.71% 28941.76
[[5, 3],[50, 2.1]]: 36295.34 1.69% 29266.93
[[15, 14],[20, 2]]: 36619.98 1.74% 29377.71
[[9, 8],[10, 1.9]]: 37687.99 2.08% 28943.24
[[15, 14],[50, 2.1]]: 37932.92 2.14% 28933.88
hold_obdobje: 7
KONEC! 0:23:48.405936
