[[15, 11],[50, 2.1]]: 29983.01 0.36% 28622.94
[[25, 14],[20, 2]]: 30353.52 0.42% 28753.81
[[20, 14],[30, 2]]: 30449.07 0.31% 29263.21
[[15, 8],[20, 2]]: 30496.7 0.48% 28697.04
[[5, 3],[50, 2.1]]: 30502.88 0.39% 29020.52
[[25, 14],[40, 2.1]]: 30695.8 0.33% 29437.34
[[25, 14],[30, 2]]: 30940.53 0.47% 29148.72
[[15, 11],[20, 2]]: 30959.25 0.6% 28680.37
[[5, 3],[40, 2.1]]: 31051.14 0.54% 28984.38
[[20, 14],[20, 2]]: 31241.24 0.62% 28870.68
[[25, 5],[10, 1.9]]: 31553.87 0.75% 28683.96
[[20, 14],[10, 1.9]]: 31655.61 0.69% 28970.2
[[15, 8],[40, 2.1]]: 31656.69 0.66% 29086.75
[[15, 11],[10, 1.9]]: 31732.9 0.77% 28762.73
[[15, 11],[30, 2]]: 31913.1 0.8% 28813.68
[[25, 14],[10, 1.9]]: 32149.52 0.84% 28877.35
[[9, 3],[20, 2]]: 32185.28 0.93% 28583.57
[[15, 14],[20, 2]]: 32231.79 0.89% 28782.72
[[20, 8],[40, 2.1]]: 32507.01 0.87% 29098.66
[[25, 5],[20, 2]]: 32538.01 1.03% 28519.11
[[20, 11],[30, 2]]: 32652.46 1.04% 28609.43
[[20, 5],[10, 1.9]]: 32675.61 1.01% 28719.42
[[25, 8],[40, 2.1]]: 32707.35 0.95% 28986.59
[[20, 8],[20, 2]]: 32756.17 1.07% 28595.36
[[9, 3],[40, 2.1]]: 32834.8 0.99% 28934.45
[[20, 11],[50, 2.1]]: 32955.57 1.09% 28682.36
[[9, 3],[50, 2.1]]: 32969.96 1.04% 28885.1
[[25, 8],[50, 2.1]]: 33068.92 1.08% 28834.86
[[9, 3],[10, 1.9]]: 33089.64 1.06% 28917.44
[[25, 8],[20, 2]]: 33117.39 1.19% 28470.07
[[15, 14],[40, 2.1]]: 33133.06 0.92% 29463.33
[[25, 14],[50, 2.1]]: 33313.17 1.03% 29231.57
[[9, 3],[30, 2]]: 33460.09 1.17% 28833.97
[[20, 11],[20, 2]]: 33558.3 1.32% 28365.11
[[9, 8],[10, 1.9]]: 33587.94 1.26% 28594.28
[[15, 14],[30, 2]]: 33635.41 1.15% 29061.3
[[9, 8],[30, 2]]: 33666.9 1.18% 28956.5
[[25, 11],[50, 2.1]]: 33687.75 1.2% 28918.38
[[25, 11],[30, 2]]: 33862.82 1.27% 28793.92
[[20, 14],[40, 2.1]]: 34094.47 1.08% 29715.76
[[15, 8],[10, 1.9]]: 34121.21 1.34% 28765.47
[[15, 3],[20, 2]]: 34138.5 1.47% 28303.19
[[15, 11],[40, 2.1]]: 34323.69 1.46% 28526.04
[[25, 3],[10, 1.9]]: 34347.28 1.35% 28924.42
[[15, 5],[50, 2.1]]: 34446.57 1.53% 28367.51
[[20, 5],[50, 2.1]]: 34526.62 1.54% 28389.96
[[25, 8],[10, 1.9]]: 34648.86 1.45% 28812.66
[[20, 5],[30, 2]]: 34758.89 1.45% 28907.19
[[20, 5],[40, 2.1]]: 34847.83 1.62% 28374.73
[[20, 11],[40, 2.1]]: 34913.53 1.54% 28693.64
[[15, 5],[10, 1.9]]: 34914.03 1.52% 28784.43
[[20, 5],[20, 2]]: 35104.43 1.63% 28547.13
[[20, 8],[30, 2]]: 35207.67 1.57% 28823.76
[[20, 3],[20, 2]]: 35332.7 1.74% 28316.2
[[15, 5],[30, 2]]: 35366.15 1.6% 28870.31
[[25, 5],[30, 2]]: 35472.65 1.61% 28924.37
[[25, 11],[40, 2.1]]: 35606.9 1.59% 29076.94
[[20, 11],[10, 1.9]]: 35666.58 1.68% 28824.98
[[25, 11],[20, 2]]: 35691.5 1.77% 28518.94
[[20, 8],[50, 2.1]]: 35814.91 1.64% 29096.73
[[15, 5],[40, 2.1]]: 35995.09 1.88% 28347.28
[[20, 14],[50, 2.1]]: 36132.36 1.65% 29296.19
[[9, 8],[40, 2.1]]: 36148.14 1.79% 28815.51
[[15, 14],[10, 1.9]]: 36170.76 1.74% 29002.9
[[25, 3],[30, 2]]: 36184.93 1.75% 28969.61
[[25, 3],[50, 2.1]]: 36231.13 1.78% 28902.63
[[15, 14],[50, 2.1]]: 36301.93 1.62% 29549.2
[[20, 8],[10, 1.9]]: 36384.82 1.86% 28724.47
[[25, 5],[40, 2.1]]: 36633.91 2.01% 28407.98
[[15, 8],[50, 2.1]]: 36676.56 1.82% 29103.26
[[9, 8],[50, 2.1]]: 36696.86 1.92% 28747.47
[[5, 3],[30, 2]]: 36806.94 1.88% 28995.61
[[5, 3],[20, 2]]: 36868.08 1.87% 29065.5
[[15, 3],[30, 2]]: 36935.32 1.94% 28882.88
[[25, 11],[10, 1.9]]: 36940.33 1.99% 28699.97
[[25, 5],[50, 2.1]]: 36951.17 2.05% 28494.97
[[9, 5],[50, 2.1]]: 37107.69 1.95% 28980.23
[[20, 3],[30, 2]]: 37149.64 1.98% 28908.6
[[15, 3],[50, 2.1]]: 37449.16 2.04% 28902.92
[[15, 8],[30, 2]]: 37468.67 1.97% 29172.24
[[20, 3],[10, 1.9]]: 37538.97 2.14% 28637.61
[[20, 3],[50, 2.1]]: 37840.59 2.12% 28934.91
[[9, 5],[10, 1.9]]: 37912.8 2.21% 28669.71
[[15, 5],[20, 2]]: 38125.42 2.27% 28607.48
[[15, 3],[10, 1.9]]: 38166.23 2.26% 28657.86
[[9, 8],[20, 2]]: 38316.76 2.11% 29306.91
[[5, 3],[10, 1.9]]: 38576.81 2.36% 28628.89
[[25, 8],[30, 2]]: 39039.25 2.41% 28782.43
[[25, 3],[20, 2]]: 39158.8 2.55% 28369.18
[[25, 3],[40, 2.1]]: 39450.81 2.43% 28994.46
[[15, 3],[40, 2.1]]: 39565.66 2.48% 28926.73
[[9, 5],[40, 2.1]]: 40241.82 2.62% 28880.98
[[9, 5],[30, 2]]: 40631.63 2.81% 28487.65
[[9, 5],[20, 2]]: 41918.92 3.03% 28616.45
[[20, 3],[40, 2.1]]: 41998.77 2.94% 28991.38
hold_obdobje: 365
KONEC! 0:23:04.964445
