[10,20,6]: 35268.55 1.47% 29250.65
[18,20,3]: 35676.48 1.57% 29205.24
[10,20,3]: 35805.64 1.59% 29237.64
[10,40,3]: 35915.46 1.63% 29201.43
[10,30,3]: 36012.23 1.65% 29201.2
[10,35,3]: 36022.26 1.65% 29201.43
[10,24,3]: 36027.68 1.65% 29225.28
[10,35,4]: 36042.26 1.66% 29191.13
[15,20,4]: 36103.58 1.67% 29198.98
[10,20,4]: 36139.64 1.67% 29227.08
[10,30,4]: 36154.02 1.68% 29199.41
[15,24,3]: 36237.67 1.7% 29198.04
[12,30,3]: 36292.17 1.71% 29190.19
[12,30,4]: 36309.89 1.72% 29198.98
[12,24,4]: 36329.19 1.72% 29209.88
[12,20,3]: 36361.42 1.72% 29234.5
[15,20,3]: 36376.42 1.73% 29210.42
[12,35,3]: 36424.76 1.74% 29190.19
[12,20,6]: 36446.34 1.74% 29224.19
[10,24,4]: 36456.42 1.74% 29232.99
[12,20,4]: 36496.48 1.75% 29232.65
[12,24,3]: 36511.71 1.76% 29210.42
[18,24,3]: 36626.41 1.79% 29189.76
[12,40,3]: 36809.76 1.83% 29193.25
[15,30,3]: 36826.51 1.83% 29199.08
[10,40,4]: 36911.26 1.85% 29191.13
[20,30,3]: 36948.29 1.85% 29224.49
[12,40,6]: 37075.23 1.87% 29231.69
[18,35,3]: 37082.54 1.88% 29224.49
[12,24,6]: 37086.12 1.88% 29210.1
[10,24,6]: 37176.74 1.91% 29192.66
[15,40,3]: 37319.93 1.93% 29218.66
[15,35,3]: 37376.51 1.95% 29199.08
[15,40,4]: 37438.24 1.95% 29224.49
[10,20,8]: 37449.86 1.96% 29215.56
[15,24,4]: 37467.23 1.97% 29198.98
[20,24,4]: 37474.4 1.96% 29231.69
[18,20,4]: 37530.04 1.98% 29190.35
[15,30,6]: 37570.39 1.98% 29222.22
[18,30,3]: 37609.35 1.99% 29224.49
[18,35,4]: 37640.24 2.0% 29224.49
[20,24,3]: 37652.55 2.01% 29190.45
[12,40,4]: 37669.5 2.01% 29198.09
[15,35,4]: 37670.06 2.0% 29224.49
[10,35,8]: 37692.46 2.01% 29214.9
[10,35,9]: 37701.14 2.02% 29193.77
[20,24,6]: 37711.02 2.02% 29193.77
[12,35,4]: 37731.53 2.02% 29197.65
[12,30,8]: 37749.17 2.02% 29222.22
[18,30,4]: 37756.18 2.02% 29224.49
[18,40,4]: 37824.27 2.03% 29233.12
[20,35,8]: 37837.85 2.05% 29194.91
[15,40,9]: 37850.98 2.05% 29199.33
[20,30,4]: 37865.52 2.04% 29224.49
[12,35,6]: 37925.36 2.05% 29233.71
[10,35,6]: 37931.48 2.06% 29218.84
[18,40,3]: 37934.49 2.06% 29218.66
[18,24,4]: 37938.79 2.06% 29226.16
[15,40,6]: 37945.85 2.07% 29192.31
[10,40,6]: 37946.56 2.06% 29216.82
[15,30,4]: 37948.73 2.06% 29224.14
[20,35,3]: 37957.23 2.06% 29224.49
[18,40,8]: 37963.5 2.07% 29194.91
[18,35,9]: 37977.07 2.07% 29194.91
[10,20,9]: 38049.41 2.09% 29206.42
[20,35,4]: 38101.43 2.09% 29233.12
[10,30,6]: 38104.81 2.1% 29209.09
[10,40,8]: 38109.61 2.09% 29232.56
[15,35,6]: 38204.47 2.12% 29191.75
[18,24,6]: 38214.5 2.12% 29222.22
[12,40,8]: 38259.53 2.13% 29199.52
[15,20,6]: 38297.98 2.14% 29201.82
[12,20,8]: 38378.01 2.15% 29216.17
[10,30,9]: 38444.59 2.17% 29214.9
[12,35,8]: 38456.2 2.18% 29191.75
[10,40,9]: 38456.27 2.18% 29191.75
[12,30,6]: 38491.73 2.18% 29218.84
[20,40,3]: 38492.72 2.17% 29240.02
[20,30,9]: 38515.01 2.19% 29194.91
[15,24,6]: 38515.49 2.18% 29214.61
[18,20,9]: 38517.52 2.19% 29194.78
[15,24,9]: 38522.01 2.19% 29193.77
[10,24,8]: 38527.47 2.18% 29216.17
[12,24,9]: 38558.04 2.19% 29199.51
[12,20,9]: 38574.93 2.2% 29205.0
[10,24,9]: 38594.47 2.2% 29190.65
[18,35,8]: 38602.78 2.2% 29199.33
[12,30,9]: 38606.19 2.21% 29193.77
[18,40,9]: 38706.56 2.24% 29155.47
[15,20,8]: 38720.15 2.23% 29199.51
[20,30,8]: 38720.87 2.23% 29199.33
[12,35,9]: 38734.33 2.23% 29199.52
[10,30,8]: 38737.39 2.23% 29207.28
[18,20,8]: 38747.06 2.23% 29194.78
[18,30,9]: 38808.44 2.25% 29199.33
[20,40,8]: 38810.44 2.26% 29155.47
[15,30,8]: 38822.13 2.25% 29199.52
[18,35,6]: 38822.44 2.25% 29206.27
[15,24,8]: 38901.43 2.27% 29194.78
[18,24,8]: 38957.07 2.28% 29201.54
[18,30,6]: 38985.59 2.28% 29192.31
[15,35,9]: 38986.24 2.29% 29183.59
[15,40,8]: 38995.63 2.28% 29218.07
[15,35,8]: 39019.11 2.29% 29202.33
[18,20,6]: 39025.7 2.29% 29214.61
[12,40,9]: 39076.44 2.3% 29202.33
[20,40,4]: 39091.34 2.28% 29275.32
[12,24,8]: 39114.18 2.31% 29189.57
[20,40,6]: 39174.98 2.32% 29218.07
[20,30,6]: 39199.55 2.33% 29192.31
[20,24,8]: 39242.36 2.34% 29173.57
[20,35,9]: 39265.91 2.35% 29155.47
[15,20,9]: 39316.53 2.36% 29174.65
[18,30,8]: 39317.08 2.35% 29183.59
[20,40,9]: 39383.28 2.38% 29155.47
[20,35,6]: 39406.05 2.36% 29218.07
[15,30,9]: 39437.35 2.38% 29169.63
[18,24,9]: 39519.97 2.4% 29173.57
[18,40,6]: 39658.6 2.41% 29218.07
[20,24,9]: 40099.27 2.51% 29183.59
hold_obdobje: 365
KONEC! 0:23:25.049828
