[10,20,3]: 1830.04 -19.46% 29237.64
[10,24,3]: 1898.33 -19.22% 29225.28
[10,30,3]: 1917.57 -19.15% 29201.2
[12,20,3]: 1963.26 -19.01% 29234.5
[10,35,3]: 1963.44 -19.0% 29201.43
[12,24,3]: 1964.95 -19.0% 29210.42
[15,20,3]: 2004.69 -18.87% 29210.42
[10,20,4]: 2005.66 -18.87% 29227.08
[12,30,3]: 2030.77 -18.79% 29190.19
[10,40,3]: 2036.7 -18.77% 29201.43
[10,24,4]: 2087.39 -18.62% 29232.99
[15,24,3]: 2098.71 -18.58% 29198.04
[12,20,4]: 2100.3 -18.58% 29232.65
[12,35,3]: 2107.93 -18.55% 29190.19
[18,20,3]: 2113.91 -18.54% 29205.24
[10,30,4]: 2123.68 -18.51% 29199.41
[12,40,3]: 2147.55 -18.43% 29193.25
[12,24,4]: 2157.89 -18.41% 29209.88
[10,35,4]: 2168.55 -18.37% 29191.13
[15,30,3]: 2176.16 -18.35% 29199.08
[18,24,3]: 2204.05 -18.27% 29189.76
[10,40,4]: 2207.58 -18.26% 29191.13
[15,20,4]: 2220.05 -18.22% 29198.98
[10,20,6]: 2234.29 -18.19% 29250.65
[20,24,3]: 2252.11 -18.13% 29190.45
[15,35,3]: 2256.39 -18.12% 29199.08
[12,40,4]: 2270.76 -18.08% 29198.09
[12,35,4]: 2278.65 -18.06% 29197.65
[15,40,3]: 2278.67 -18.06% 29218.66
[12,30,4]: 2300.4 -18.0% 29198.98
[10,24,6]: 2306.48 -17.98% 29192.66
[18,30,3]: 2307.21 -17.98% 29224.49
[15,24,4]: 2318.12 -17.95% 29198.98
[18,20,4]: 2327.89 -17.92% 29190.35
[18,35,3]: 2342.65 -17.88% 29224.49
[20,30,3]: 2347.4 -17.87% 29224.49
[20,35,3]: 2367.8 -17.82% 29224.49
[12,20,6]: 2400.2 -17.73% 29224.19
[15,30,4]: 2408.85 -17.71% 29224.14
[18,40,3]: 2409.05 -17.7% 29218.66
[10,30,6]: 2439.73 -17.62% 29209.09
[15,40,4]: 2454.39 -17.58% 29224.49
[20,40,3]: 2456.84 -17.58% 29240.02
[18,24,4]: 2457.41 -17.58% 29226.16
[15,35,4]: 2470.16 -17.54% 29224.49
[20,24,4]: 2481.17 -17.52% 29231.69
[10,35,6]: 2490.37 -17.49% 29218.84
[10,20,8]: 2516.96 -17.42% 29215.56
[12,24,6]: 2522.64 -17.41% 29210.1
[10,40,6]: 2537.75 -17.37% 29216.82
[18,35,4]: 2557.82 -17.32% 29224.49
[15,20,6]: 2558.46 -17.31% 29201.82
[18,30,4]: 2580.98 -17.26% 29224.49
[12,30,6]: 2626.62 -17.15% 29218.84
[20,30,4]: 2627.12 -17.15% 29224.49
[10,24,8]: 2633.81 -17.13% 29216.17
[10,20,9]: 2654.19 -17.08% 29206.42
[18,40,4]: 2704.54 -16.96% 29233.12
[15,24,6]: 2720.48 -16.92% 29214.61
[20,35,4]: 2721.61 -16.92% 29233.12
[12,35,6]: 2736.76 -16.88% 29233.71
[12,20,8]: 2763.89 -16.82% 29216.17
[18,20,6]: 2764.35 -16.81% 29214.61
[12,40,6]: 2765.67 -16.81% 29231.69
[10,30,8]: 2802.63 -16.72% 29207.28
[10,24,9]: 2825.61 -16.67% 29190.65
[10,35,8]: 2861.02 -16.59% 29214.9
[20,40,4]: 2863.81 -16.6% 29275.32
[12,20,9]: 2896.07 -16.51% 29205.0
[12,24,8]: 2903.55 -16.49% 29189.57
[15,30,6]: 2911.11 -16.48% 29222.22
[18,24,6]: 2930.53 -16.44% 29222.22
[10,40,8]: 2946.64 -16.4% 29232.56
[15,35,6]: 2984.9 -16.31% 29191.75
[15,20,8]: 3005.45 -16.27% 29199.51
[10,30,9]: 3008.13 -16.26% 29214.9
[12,24,9]: 3048.35 -16.17% 29199.51
[15,40,6]: 3070.43 -16.12% 29192.31
[20,24,6]: 3073.38 -16.12% 29193.77
[10,35,9]: 3084.22 -16.1% 29193.77
[12,30,8]: 3097.54 -16.07% 29222.22
[18,30,6]: 3151.71 -15.95% 29192.31
[12,35,8]: 3173.28 -15.91% 29191.75
[10,40,9]: 3237.32 -15.78% 29191.75
[15,20,9]: 3248.92 -15.75% 29174.65
[18,20,8]: 3281.71 -15.69% 29194.78
[12,30,9]: 3286.89 -15.68% 29193.77
[15,24,8]: 3302.26 -15.65% 29194.78
[18,35,6]: 3315.95 -15.62% 29206.27
[20,30,6]: 3322.35 -15.61% 29192.31
[12,40,8]: 3333.25 -15.59% 29199.52
[15,24,9]: 3389.48 -15.47% 29193.77
[18,40,6]: 3406.12 -15.45% 29218.07
[18,24,8]: 3468.9 -15.32% 29201.54
[15,30,8]: 3491.38 -15.28% 29199.52
[15,35,8]: 3502.03 -15.26% 29202.33
[12,40,9]: 3514.91 -15.24% 29202.33
[12,35,9]: 3545.66 -15.18% 29199.52
[20,35,6]: 3558.94 -15.16% 29218.07
[18,20,9]: 3562.57 -15.15% 29194.78
[20,40,6]: 3614.61 -15.05% 29218.07
[20,24,8]: 3643.6 -14.99% 29173.57
[15,40,8]: 3648.5 -14.99% 29218.07
[15,30,9]: 3737.99 -14.82% 29169.63
[18,24,9]: 3758.71 -14.78% 29173.57
[18,30,8]: 3785.17 -14.74% 29183.59
[15,35,9]: 3802.1 -14.71% 29183.59
[18,35,8]: 4042.08 -14.31% 29199.33
[20,30,8]: 4049.22 -14.29% 29199.33
[20,24,9]: 4059.01 -14.27% 29183.59
[15,40,9]: 4064.8 -14.27% 29199.33
[18,40,8]: 4132.18 -14.16% 29194.91
[20,35,8]: 4224.92 -14.01% 29194.91
[18,30,9]: 4227.57 -14.01% 29199.33
[18,35,9]: 4383.92 -13.76% 29194.91
[20,30,9]: 4453.74 -13.65% 29194.91
[20,40,8]: 4514.72 -13.55% 29155.47
[18,40,9]: 4574.64 -13.46% 29155.47
[20,35,9]: 4773.71 -13.18% 29155.47
[20,40,9]: 4858.3 -13.06% 29155.47
hold_obdobje: 1
KONEC! 0:22:12.662441
