[10,30,3]: 4436.56 -13.68% 29201.2
[10,35,3]: 4511.12 -13.57% 29201.43
[10,40,3]: 4555.26 -13.5% 29201.43
[12,30,3]: 4559.58 -13.49% 29190.19
[10,24,4]: 4599.49 -13.44% 29232.99
[10,20,3]: 4611.48 -13.43% 29237.64
[12,24,3]: 4625.73 -13.4% 29210.42
[12,20,4]: 4653.29 -13.37% 29232.65
[15,20,3]: 4660.11 -13.35% 29210.42
[12,24,4]: 4682.59 -13.32% 29209.88
[10,24,3]: 4686.64 -13.32% 29225.28
[10,20,4]: 4713.22 -13.28% 29227.08
[12,20,3]: 4728.51 -13.26% 29234.5
[15,20,4]: 4730.65 -13.25% 29198.98
[18,20,3]: 4748.08 -13.22% 29205.24
[10,20,6]: 4771.37 -13.2% 29250.65
[10,30,4]: 4784.56 -13.17% 29199.41
[12,35,3]: 4846.26 -13.08% 29190.19
[10,35,4]: 4879.14 -13.04% 29191.13
[15,24,3]: 4894.97 -13.01% 29198.04
[10,40,4]: 4913.7 -12.99% 29191.13
[10,20,8]: 5059.11 -12.79% 29215.56
[12,30,4]: 5065.63 -12.78% 29198.98
[12,40,3]: 5074.11 -12.77% 29193.25
[10,24,6]: 5094.16 -12.74% 29192.66
[15,24,4]: 5111.29 -12.72% 29198.98
[15,30,3]: 5143.55 -12.68% 29199.08
[12,20,6]: 5194.82 -12.62% 29224.19
[12,35,4]: 5198.41 -12.61% 29197.65
[18,24,3]: 5207.24 -12.59% 29189.76
[18,20,4]: 5211.94 -12.59% 29190.35
[10,30,6]: 5249.7 -12.54% 29209.09
[12,24,6]: 5258.97 -12.53% 29210.1
[15,35,3]: 5345.18 -12.42% 29199.08
[20,24,3]: 5349.07 -12.41% 29190.45
[10,35,6]: 5359.86 -12.4% 29218.84
[12,40,4]: 5445.46 -12.29% 29198.09
[15,20,6]: 5449.97 -12.28% 29201.82
[12,20,8]: 5475.35 -12.25% 29216.17
[15,30,4]: 5498.76 -12.23% 29224.14
[10,24,8]: 5505.66 -12.22% 29216.17
[10,20,9]: 5530.52 -12.18% 29206.42
[18,24,4]: 5602.95 -12.1% 29226.16
[15,40,3]: 5631.15 -12.06% 29218.66
[18,35,3]: 5641.54 -12.05% 29224.49
[18,30,3]: 5655.33 -12.03% 29224.49
[15,35,4]: 5731.77 -11.94% 29224.49
[20,30,3]: 5744.88 -11.93% 29224.49
[18,40,3]: 5771.1 -11.89% 29218.66
[20,24,4]: 5803.95 -11.86% 29231.69
[10,40,6]: 5806.17 -11.85% 29216.82
[20,35,3]: 5836.23 -11.82% 29224.49
[20,35,4]: 5873.39 -11.78% 29233.12
[18,35,4]: 5875.36 -11.77% 29224.49
[18,20,6]: 5880.59 -11.76% 29214.61
[12,20,9]: 5918.08 -11.72% 29205.0
[10,24,9]: 5939.23 -11.69% 29190.65
[20,40,3]: 5960.13 -11.68% 29240.02
[12,30,6]: 5960.82 -11.67% 29218.84
[18,40,4]: 5962.92 -11.67% 29233.12
[15,24,6]: 5985.86 -11.64% 29214.61
[12,40,6]: 6019.59 -11.61% 29231.69
[10,40,8]: 6037.08 -11.59% 29232.56
[15,40,4]: 6063.72 -11.55% 29224.49
[12,24,8]: 6094.14 -11.51% 29189.57
[18,30,4]: 6113.17 -11.5% 29224.49
[20,30,4]: 6122.4 -11.49% 29224.49
[10,30,8]: 6150.65 -11.45% 29207.28
[20,40,4]: 6278.44 -11.33% 29275.32
[12,35,6]: 6286.26 -11.31% 29233.71
[15,20,8]: 6326.94 -11.25% 29199.51
[15,35,6]: 6342.59 -11.24% 29191.75
[15,40,6]: 6385.93 -11.19% 29192.31
[20,24,6]: 6410.04 -11.16% 29193.77
[18,24,6]: 6432.97 -11.15% 29222.22
[12,24,9]: 6440.75 -11.13% 29199.51
[10,35,8]: 6451.3 -11.12% 29214.9
[18,20,8]: 6483.75 -11.08% 29194.78
[10,35,9]: 6505.48 -11.06% 29193.77
[15,24,8]: 6533.31 -11.03% 29194.78
[15,30,6]: 6558.85 -11.01% 29222.22
[12,30,8]: 6592.43 -10.98% 29222.22
[12,35,8]: 6605.25 -10.95% 29191.75
[18,30,6]: 6605.57 -10.95% 29192.31
[15,20,9]: 6615.87 -10.94% 29174.65
[12,30,9]: 6625.79 -10.93% 29193.77
[12,40,8]: 6633.89 -10.93% 29199.52
[10,30,9]: 6692.13 -10.87% 29214.9
[10,40,9]: 6716.16 -10.84% 29191.75
[15,35,8]: 6838.49 -10.72% 29202.33
[18,40,6]: 6876.77 -10.68% 29218.07
[15,24,9]: 6901.26 -10.65% 29193.77
[15,30,8]: 6926.57 -10.63% 29199.52
[20,24,8]: 6946.6 -10.6% 29173.57
[12,40,9]: 6950.53 -10.6% 29202.33
[15,40,8]: 6969.74 -10.59% 29218.07
[20,35,6]: 6973.01 -10.58% 29218.07
[18,24,8]: 6973.86 -10.58% 29201.54
[12,35,9]: 6999.64 -10.55% 29199.52
[18,35,6]: 7013.65 -10.54% 29206.27
[20,30,6]: 7025.74 -10.52% 29192.31
[18,24,9]: 7067.16 -10.48% 29173.57
[20,40,6]: 7090.51 -10.47% 29218.07
[15,30,9]: 7121.51 -10.42% 29169.63
[18,20,9]: 7169.27 -10.38% 29194.78
[15,40,9]: 7189.57 -10.36% 29199.33
[18,35,8]: 7239.04 -10.32% 29199.33
[15,35,9]: 7288.04 -10.27% 29183.59
[18,30,8]: 7350.5 -10.21% 29183.59
[20,24,9]: 7396.06 -10.16% 29183.59
[20,30,8]: 7406.76 -10.16% 29199.33
[18,30,9]: 7527.51 -10.04% 29199.33
[20,35,8]: 7645.86 -9.93% 29194.91
[18,40,8]: 7696.01 -9.89% 29194.91
[18,35,9]: 7755.45 -9.83% 29194.91
[20,40,8]: 7878.99 -9.71% 29155.47
[20,30,9]: 7912.3 -9.69% 29194.91
[18,40,9]: 7978.77 -9.62% 29155.47
[20,40,9]: 8062.62 -9.55% 29155.47
[20,35,9]: 8125.22 -9.49% 29155.47
hold_obdobje: 31
KONEC! 0:23:27.537605
