[10,20,3]: 2039.63 -18.77% 29237.64
[10,30,3]: 2054.06 -18.72% 29201.2
[10,24,3]: 2065.22 -18.69% 29225.28
[12,24,3]: 2105.7 -18.56% 29210.42
[10,35,3]: 2110.93 -18.54% 29201.43
[10,20,4]: 2129.46 -18.49% 29227.08
[12,20,3]: 2140.13 -18.46% 29234.5
[10,24,4]: 2144.84 -18.45% 29232.99
[15,20,3]: 2160.41 -18.4% 29210.42
[10,40,3]: 2169.4 -18.37% 29201.43
[12,20,4]: 2175.86 -18.36% 29232.65
[12,30,3]: 2192.71 -18.3% 29190.19
[15,24,3]: 2268.26 -18.09% 29198.04
[12,35,3]: 2280.91 -18.05% 29190.19
[10,30,4]: 2307.36 -17.98% 29199.41
[18,20,3]: 2317.82 -17.95% 29205.24
[10,35,4]: 2321.5 -17.93% 29191.13
[12,24,4]: 2327.96 -17.92% 29209.88
[12,40,3]: 2341.41 -17.88% 29193.25
[10,40,4]: 2349.67 -17.86% 29191.13
[10,20,6]: 2370.26 -17.81% 29250.65
[15,20,4]: 2374.73 -17.79% 29198.98
[15,30,3]: 2388.69 -17.75% 29199.08
[18,24,3]: 2391.33 -17.74% 29189.76
[15,40,3]: 2438.45 -17.63% 29218.66
[15,35,3]: 2446.37 -17.6% 29199.08
[12,30,4]: 2447.06 -17.6% 29198.98
[12,35,4]: 2468.02 -17.54% 29197.65
[18,30,3]: 2494.0 -17.48% 29224.49
[20,24,3]: 2499.37 -17.46% 29190.45
[18,35,3]: 2527.87 -17.39% 29224.49
[10,24,6]: 2534.56 -17.37% 29192.66
[12,40,4]: 2534.61 -17.37% 29198.09
[15,24,4]: 2536.39 -17.37% 29198.98
[18,20,4]: 2563.39 -17.3% 29190.35
[20,30,3]: 2572.93 -17.28% 29224.49
[18,40,3]: 2607.86 -17.19% 29218.66
[15,35,4]: 2615.4 -17.18% 29224.49
[12,20,6]: 2615.87 -17.17% 29224.19
[20,35,3]: 2649.0 -17.09% 29224.49
[10,30,6]: 2664.16 -17.05% 29209.09
[15,30,4]: 2664.98 -17.05% 29224.14
[20,40,3]: 2676.07 -17.03% 29240.02
[10,35,6]: 2687.29 -17.0% 29218.84
[18,24,4]: 2699.59 -16.97% 29226.16
[15,40,4]: 2709.3 -16.95% 29224.49
[12,24,6]: 2722.14 -16.91% 29210.1
[10,20,8]: 2724.62 -16.91% 29215.56
[20,24,4]: 2727.98 -16.9% 29231.69
[10,40,6]: 2749.74 -16.85% 29216.82
[18,30,4]: 2786.82 -16.76% 29224.49
[15,20,6]: 2813.25 -16.7% 29201.82
[18,35,4]: 2834.32 -16.65% 29224.49
[12,30,6]: 2855.1 -16.6% 29218.84
[10,24,8]: 2881.23 -16.54% 29216.17
[20,30,4]: 2918.89 -16.46% 29224.49
[10,20,9]: 2940.76 -16.41% 29206.42
[12,35,6]: 2954.19 -16.39% 29233.71
[12,40,6]: 2978.56 -16.33% 29231.69
[20,35,4]: 2999.29 -16.29% 29233.12
[15,24,6]: 3001.64 -16.28% 29214.61
[18,40,4]: 3007.23 -16.27% 29233.12
[12,20,8]: 3008.91 -16.26% 29216.17
[18,20,6]: 3015.76 -16.25% 29214.61
[10,30,8]: 3084.77 -16.1% 29207.28
[10,24,9]: 3098.72 -16.06% 29190.65
[12,24,8]: 3126.14 -16.01% 29189.57
[10,35,8]: 3126.39 -16.01% 29214.9
[15,30,6]: 3132.34 -16.0% 29222.22
[20,40,4]: 3141.34 -15.99% 29275.32
[10,40,8]: 3144.55 -15.98% 29232.56
[18,24,6]: 3146.48 -15.97% 29222.22
[12,20,9]: 3155.96 -15.95% 29205.0
[10,30,9]: 3243.64 -15.77% 29214.9
[15,20,8]: 3261.8 -15.73% 29199.51
[20,24,6]: 3283.1 -15.68% 29193.77
[15,35,6]: 3296.37 -15.66% 29191.75
[10,35,9]: 3299.93 -15.65% 29193.77
[12,30,8]: 3312.36 -15.63% 29222.22
[15,40,6]: 3327.72 -15.6% 29192.31
[12,24,9]: 3329.25 -15.59% 29199.51
[18,30,6]: 3457.51 -15.34% 29192.31
[10,40,9]: 3473.6 -15.31% 29191.75
[12,35,8]: 3488.32 -15.28% 29191.75
[15,24,8]: 3491.75 -15.28% 29194.78
[18,20,8]: 3506.53 -15.25% 29194.78
[12,30,9]: 3524.46 -15.22% 29193.77
[15,20,9]: 3551.92 -15.16% 29174.65
[12,40,8]: 3593.77 -15.09% 29199.52
[18,35,6]: 3655.57 -14.98% 29206.27
[15,24,9]: 3663.68 -14.96% 29193.77
[12,35,9]: 3726.47 -14.85% 29199.52
[20,30,6]: 3733.62 -14.83% 29192.31
[15,30,8]: 3763.29 -14.78% 29199.52
[12,40,9]: 3789.7 -14.74% 29202.33
[15,35,8]: 3809.75 -14.7% 29202.33
[18,24,8]: 3848.72 -14.63% 29201.54
[18,20,9]: 3857.39 -14.62% 29194.78
[18,40,6]: 3874.98 -14.59% 29218.07
[15,30,9]: 3935.73 -14.48% 29169.63
[20,35,6]: 3956.75 -14.45% 29218.07
[20,24,8]: 3961.71 -14.43% 29173.57
[18,24,9]: 4051.01 -14.29% 29173.57
[20,40,6]: 4061.35 -14.28% 29218.07
[15,40,8]: 4138.73 -14.15% 29218.07
[18,30,8]: 4287.5 -13.91% 29183.59
[15,35,9]: 4318.54 -13.86% 29183.59
[20,24,9]: 4358.85 -13.8% 29183.59
[18,35,8]: 4416.16 -13.71% 29199.33
[20,30,8]: 4432.45 -13.69% 29199.33
[15,40,9]: 4465.98 -13.64% 29199.33
[18,30,9]: 4577.77 -13.47% 29199.33
[20,35,8]: 4659.92 -13.35% 29194.91
[18,40,8]: 4708.17 -13.28% 29194.91
[18,35,9]: 4812.29 -13.13% 29194.91
[20,40,8]: 4848.02 -13.07% 29155.47
[20,30,9]: 4877.49 -13.04% 29194.91
[18,40,9]: 5000.63 -12.86% 29155.47
[20,40,9]: 5172.65 -12.63% 29155.47
[20,35,9]: 5255.85 -12.52% 29155.47
hold_obdobje: 7
KONEC! 0:22:19.975541
