[[9, 8],[10, 1.9]]: 22533.33 -2.52%
[[25, 5],[20, 2]]: 24523.1 -1.78%
[[9, 8],[30, 2]]: 25649.25 -1.39%
[[9, 8],[40, 2.1]]: 26177.88 -1.21%
[[9, 8],[50, 2.1]]: 26177.88 -1.21%
[[25, 11],[10, 1.9]]: 26185.33 -1.21%
[[9, 5],[50, 2.1]]: 26882.48 -0.97%
[[9, 8],[20, 2]]: 27119.3 -0.9%
[[5, 3],[10, 1.9]]: 27528.27 -0.76%
[[9, 5],[40, 2.1]]: 27558.01 -0.75%
[[15, 5],[10, 1.9]]: 28347.05 -0.5%
[[15, 3],[20, 2]]: 28756.52 -0.38%
[[9, 5],[30, 2]]: 29303.46 -0.21%
[[20, 8],[10, 1.9]]: 29380.38 -0.19%
[[15, 5],[40, 2.1]]: 29597.86 -0.12%
[[15, 5],[20, 2]]: 29748.77 -0.08%
[[20, 5],[10, 1.9]]: 29973.55 -0.01%
[[25, 5],[10, 1.9]]: 29973.55 -0.01%
[[15, 14],[10, 1.9]]: 30000.0 0.0%
[[15, 14],[20, 2]]: 30000.0 0.0%
[[15, 14],[30, 2]]: 30000.0 0.0%
[[15, 14],[40, 2.1]]: 30000.0 0.0%
[[15, 14],[50, 2.1]]: 30000.0 0.0%
[[20, 11],[30, 2]]: 30000.0 0.0%
[[20, 14],[10, 1.9]]: 30000.0 0.0%
[[20, 14],[20, 2]]: 30000.0 0.0%
[[20, 14],[30, 2]]: 30000.0 0.0%
[[20, 14],[40, 2.1]]: 30000.0 0.0%
[[20, 14],[50, 2.1]]: 30000.0 0.0%
[[25, 11],[30, 2]]: 30000.0 0.0%
[[25, 11],[40, 2.1]]: 30000.0 0.0%
[[25, 14],[10, 1.9]]: 30000.0 0.0%
[[25, 14],[20, 2]]: 30000.0 0.0%
[[25, 14],[30, 2]]: 30000.0 0.0%
[[25, 14],[40, 2.1]]: 30000.0 0.0%
[[25, 14],[50, 2.1]]: 30000.0 0.0%
[[15, 5],[50, 2.1]]: 30496.37 0.15%
[[20, 5],[50, 2.1]]: 30688.07 0.2%
[[25, 5],[50, 2.1]]: 30779.05 0.23%
[[20, 5],[20, 2]]: 30846.65 0.25%
[[25, 8],[10, 1.9]]: 31033.3 0.3%
[[20, 11],[10, 1.9]]: 31059.22 0.31%
[[15, 11],[10, 1.9]]: 31124.91 0.33%
[[9, 3],[30, 2]]: 31174.28 0.34%
[[5, 3],[20, 2]]: 31229.11 0.36%
[[15, 3],[30, 2]]: 31383.58 0.4%
[[20, 5],[40, 2.1]]: 31597.93 0.46%
[[25, 5],[40, 2.1]]: 31950.47 0.56%
[[20, 8],[50, 2.1]]: 32038.57 0.59%
[[15, 3],[10, 1.9]]: 32087.54 0.6%
[[25, 3],[20, 2]]: 32405.55 0.69%
[[20, 3],[10, 1.9]]: 32601.22 0.74%
[[25, 3],[10, 1.9]]: 32601.22 0.74%
[[9, 3],[50, 2.1]]: 32803.25 0.8%
[[15, 3],[50, 2.1]]: 32803.25 0.8%
[[9, 3],[10, 1.9]]: 32829.79 0.81%
[[9, 3],[20, 2]]: 33009.76 0.86%
[[15, 8],[10, 1.9]]: 33048.25 0.87%
[[15, 5],[30, 2]]: 33252.66 0.92%
[[20, 5],[30, 2]]: 33252.66 0.92%
[[20, 3],[20, 2]]: 33528.93 1.0%
[[15, 8],[50, 2.1]]: 33590.59 1.01%
[[20, 8],[20, 2]]: 34918.68 1.36%
[[20, 8],[40, 2.1]]: 34978.46 1.38%
[[15, 11],[20, 2]]: 35216.55 1.44%
[[20, 11],[20, 2]]: 35242.47 1.45%
[[15, 8],[20, 2]]: 35272.18 1.45%
[[5, 3],[30, 2]]: 35357.45 1.48%
[[20, 3],[50, 2.1]]: 35687.62 1.56%
[[25, 3],[50, 2.1]]: 35687.62 1.56%
[[15, 8],[40, 2.1]]: 36214.47 1.69%
[[25, 8],[20, 2]]: 36986.73 1.89%
[[25, 11],[20, 2]]: 37543.63 2.02%
[[15, 11],[50, 2.1]]: 38248.82 2.19%
[[5, 3],[40, 2.1]]: 39675.66 2.53%
[[5, 3],[50, 2.1]]: 40763.43 2.77%
[[15, 3],[40, 2.1]]: 40795.49 2.78%
[[9, 3],[40, 2.1]]: 40911.71 2.81%
[[25, 5],[30, 2]]: 40916.22 2.81%
[[15, 11],[40, 2.1]]: 40979.29 2.82%
[[20, 11],[40, 2.1]]: 41005.21 2.83%
[[20, 11],[50, 2.1]]: 41005.21 2.83%
[[25, 11],[50, 2.1]]: 41023.85 2.83%
[[25, 8],[50, 2.1]]: 41072.1 2.84%
[[25, 3],[30, 2]]: 42058.57 3.06%
[[15, 8],[30, 2]]: 42473.69 3.15%
[[25, 3],[40, 2.1]]: 42812.79 3.22%
[[20, 3],[30, 2]]: 43104.95 3.29%
[[20, 3],[40, 2.1]]: 43830.37 3.44%
[[20, 8],[30, 2]]: 44149.91 3.51%
[[9, 5],[10, 1.9]]: 44325.13 3.54%
[[15, 11],[30, 2]]: 44892.61 3.66%
[[25, 8],[30, 2]]: 47355.79 4.16%
[[9, 5],[20, 2]]: 53579.93 5.31%
[[25, 8],[40, 2.1]]: 59935.64 6.37%
hold_obdobje: 365
KONEC! 0:00:35.518192
