[10,20,6]: 31202.26 0.58% 29250.65
[18,20,3]: 31354.04 0.64% 29205.24
[10,20,3]: 31442.8 0.65% 29237.64
[10,20,4]: 31520.86 0.68% 29227.08
[10,40,3]: 31526.35 0.69% 29201.43
[10,30,4]: 31565.04 0.7% 29199.41
[15,20,4]: 31598.99 0.71% 29198.98
[10,35,3]: 31599.88 0.71% 29201.43
[10,30,3]: 31613.08 0.71% 29201.2
[12,30,3]: 31639.62 0.72% 29190.19
[10,24,3]: 31660.56 0.72% 29225.28
[12,24,4]: 31666.07 0.72% 29209.88
[15,24,3]: 31707.37 0.74% 29198.04
[15,20,3]: 31722.34 0.74% 29210.42
[10,35,4]: 31750.76 0.75% 29191.13
[12,30,4]: 31753.06 0.75% 29198.98
[12,20,3]: 31886.25 0.78% 29234.5
[10,24,4]: 31889.97 0.78% 29232.99
[12,24,3]: 31944.49 0.8% 29210.42
[12,35,3]: 31991.82 0.82% 29190.19
[15,30,3]: 32026.94 0.83% 29199.08
[18,24,3]: 32047.0 0.84% 29189.76
[12,20,6]: 32098.34 0.84% 29224.19
[12,20,4]: 32202.51 0.87% 29232.65
[10,40,4]: 32205.31 0.88% 29191.13
[12,40,3]: 32231.44 0.89% 29193.25
[12,24,6]: 32319.37 0.91% 29210.1
[20,30,3]: 32437.34 0.93% 29224.49
[10,24,6]: 32458.88 0.95% 29192.66
[15,40,3]: 32546.02 0.97% 29218.66
[18,35,3]: 32565.35 0.97% 29224.49
[15,35,3]: 32663.78 1.01% 29199.08
[10,20,8]: 32693.93 1.01% 29215.56
[20,24,4]: 32721.94 1.01% 29231.69
[12,40,6]: 32781.36 1.03% 29231.69
[18,30,3]: 32844.3 1.05% 29224.49
[18,20,4]: 32879.38 1.07% 29190.35
[15,40,4]: 32896.46 1.06% 29224.49
[10,30,6]: 32910.23 1.07% 29209.09
[20,24,3]: 32910.66 1.08% 29190.45
[10,35,6]: 32914.3 1.07% 29218.84
[12,35,4]: 32916.67 1.08% 29197.65
[15,24,4]: 32925.89 1.08% 29198.98
[18,35,4]: 32980.2 1.08% 29224.49
[15,20,6]: 33115.25 1.13% 29201.82
[10,20,9]: 33117.57 1.13% 29206.42
[12,40,4]: 33130.94 1.13% 29198.09
[18,24,4]: 33131.19 1.13% 29226.16
[10,35,8]: 33197.8 1.15% 29214.9
[10,40,6]: 33223.18 1.15% 29216.82
[15,30,6]: 33224.86 1.15% 29222.22
[15,30,4]: 33230.42 1.15% 29224.14
[18,30,4]: 33284.36 1.17% 29224.49
[18,40,3]: 33290.55 1.17% 29218.66
[20,35,3]: 33294.09 1.17% 29224.49
[12,20,8]: 33300.82 1.17% 29216.17
[20,30,4]: 33310.44 1.17% 29224.49
[18,40,4]: 33316.19 1.17% 29233.12
[12,35,6]: 33324.83 1.18% 29233.71
[15,35,4]: 33331.67 1.18% 29224.49
[10,24,8]: 33342.16 1.19% 29216.17
[12,30,8]: 33424.78 1.21% 29222.22
[10,35,9]: 33445.56 1.22% 29193.77
[20,35,8]: 33446.02 1.22% 29194.91
[12,30,6]: 33477.0 1.22% 29218.84
[10,30,9]: 33484.61 1.22% 29214.9
[15,24,6]: 33494.71 1.23% 29214.61
[18,24,6]: 33525.53 1.23% 29222.22
[20,24,6]: 33556.35 1.25% 29193.77
[10,24,9]: 33576.31 1.26% 29190.65
[15,40,6]: 33607.87 1.26% 29192.31
[20,35,4]: 33615.83 1.25% 29233.12
[15,40,9]: 33627.53 1.27% 29199.33
[18,35,9]: 33657.13 1.28% 29194.91
[18,40,8]: 33658.63 1.28% 29194.91
[12,24,9]: 33676.14 1.28% 29199.51
[12,20,9]: 33680.19 1.28% 29205.0
[10,40,8]: 33767.66 1.3% 29232.56
[10,30,8]: 33771.22 1.3% 29207.28
[20,40,3]: 33843.68 1.31% 29240.02
[15,20,8]: 33855.54 1.33% 29199.51
[18,20,8]: 33979.42 1.36% 29194.78
[12,40,8]: 33981.44 1.36% 29199.52
[18,20,6]: 34009.89 1.37% 29214.61
[15,35,6]: 34034.1 1.38% 29191.75
[20,30,9]: 34034.37 1.38% 29194.91
[18,40,9]: 34054.88 1.4% 29155.47
[15,24,8]: 34081.66 1.39% 29194.78
[12,24,8]: 34108.42 1.4% 29189.57
[10,40,9]: 34128.04 1.4% 29191.75
[15,40,8]: 34151.09 1.4% 29218.07
[18,35,8]: 34168.07 1.41% 29199.33
[18,35,6]: 34200.04 1.42% 29206.27
[15,20,9]: 34203.33 1.43% 29174.65
[20,40,8]: 34204.62 1.44% 29155.47
[15,24,9]: 34223.12 1.43% 29193.77
[12,35,8]: 34243.2 1.43% 29191.75
[18,20,9]: 34262.45 1.44% 29194.78
[12,30,9]: 34280.06 1.44% 29193.77
[20,40,6]: 34340.61 1.45% 29218.07
[20,35,6]: 34359.88 1.46% 29218.07
[15,35,9]: 34378.34 1.47% 29183.59
[15,30,8]: 34385.25 1.47% 29199.52
[12,35,9]: 34389.64 1.47% 29199.52
[18,30,9]: 34455.61 1.49% 29199.33
[20,30,8]: 34462.76 1.49% 29199.33
[18,40,6]: 34467.63 1.49% 29218.07
[20,35,9]: 34503.54 1.51% 29155.47
[20,40,9]: 34511.86 1.52% 29155.47
[15,35,8]: 34559.3 1.51% 29202.33
[20,40,4]: 34592.22 1.5% 29275.32
[12,40,9]: 34600.13 1.52% 29202.33
[18,30,6]: 34646.5 1.54% 29192.31
[20,30,6]: 34665.26 1.54% 29192.31
[18,24,8]: 34742.4 1.56% 29201.54
[20,24,8]: 34805.29 1.59% 29173.57
[18,30,8]: 34849.34 1.6% 29183.59
[15,30,9]: 34992.3 1.64% 29169.63
[18,24,9]: 35007.79 1.64% 29173.57
[20,24,9]: 35598.16 1.79% 29183.59
hold_obdobje: 365
KONEC! 0:19:18.152451
