[10,30,3]: 4889.71 -14.74% 29201.2
[10,35,3]: 5005.52 -14.56% 29201.43
[15,20,3]: 5010.52 -14.55% 29210.42
[10,20,3]: 5029.79 -14.53% 29237.64
[10,24,4]: 5031.03 -14.53% 29232.99
[10,40,3]: 5057.89 -14.48% 29201.43
[12,30,3]: 5059.83 -14.47% 29190.19
[12,20,4]: 5074.4 -14.46% 29232.65
[12,24,3]: 5078.73 -14.45% 29210.42
[10,24,3]: 5127.89 -14.38% 29225.28
[12,20,3]: 5163.53 -14.33% 29234.5
[10,20,4]: 5166.32 -14.33% 29227.08
[12,24,4]: 5177.1 -14.3% 29209.88
[15,20,4]: 5189.67 -14.28% 29198.98
[10,20,6]: 5193.0 -14.29% 29250.65
[10,30,4]: 5249.21 -14.2% 29199.41
[18,20,3]: 5305.85 -14.12% 29205.24
[12,35,3]: 5408.2 -13.97% 29190.19
[15,24,3]: 5421.77 -13.95% 29198.04
[10,35,4]: 5448.38 -13.91% 29191.13
[10,40,4]: 5454.82 -13.9% 29191.13
[12,30,4]: 5602.07 -13.7% 29198.98
[12,40,3]: 5607.35 -13.69% 29193.25
[15,24,4]: 5665.31 -13.61% 29198.98
[10,24,6]: 5670.07 -13.6% 29192.66
[10,20,8]: 5719.52 -13.54% 29215.56
[15,30,3]: 5725.28 -13.53% 29199.08
[12,20,6]: 5725.82 -13.53% 29224.19
[18,24,3]: 5770.68 -13.47% 29189.76
[18,20,4]: 5787.26 -13.44% 29190.35
[12,35,4]: 5810.28 -13.41% 29197.65
[10,30,6]: 5852.37 -13.36% 29209.09
[20,24,3]: 5884.86 -13.31% 29190.45
[12,24,6]: 5990.09 -13.18% 29210.1
[10,35,6]: 6004.81 -13.17% 29218.84
[15,35,3]: 6019.43 -13.14% 29199.08
[12,40,4]: 6083.02 -13.06% 29198.09
[15,30,4]: 6097.85 -13.05% 29224.14
[15,20,6]: 6117.98 -13.02% 29201.82
[12,20,8]: 6146.44 -12.98% 29216.17
[10,24,8]: 6153.08 -12.98% 29216.17
[10,20,9]: 6177.67 -12.94% 29206.42
[18,24,4]: 6210.32 -12.91% 29226.16
[18,30,3]: 6275.63 -12.82% 29224.49
[15,40,3]: 6297.75 -12.8% 29218.66
[18,35,3]: 6372.83 -12.71% 29224.49
[10,40,6]: 6386.2 -12.69% 29216.82
[20,24,4]: 6431.09 -12.64% 29231.69
[20,30,3]: 6456.83 -12.6% 29224.49
[20,40,3]: 6484.24 -12.57% 29240.02
[15,35,4]: 6485.99 -12.57% 29224.49
[18,40,3]: 6537.59 -12.5% 29218.66
[18,40,4]: 6539.99 -12.51% 29233.12
[20,35,3]: 6542.63 -12.5% 29224.49
[20,35,4]: 6555.35 -12.49% 29233.12
[18,20,6]: 6598.71 -12.43% 29214.61
[12,30,6]: 6620.89 -12.41% 29218.84
[10,24,9]: 6628.58 -12.39% 29190.65
[12,20,9]: 6638.13 -12.38% 29205.0
[15,24,6]: 6649.73 -12.37% 29214.61
[18,35,4]: 6657.66 -12.36% 29224.49
[12,40,6]: 6684.97 -12.33% 29231.69
[10,40,8]: 6729.36 -12.28% 29232.56
[12,24,8]: 6799.78 -12.19% 29189.57
[15,40,4]: 6808.7 -12.19% 29224.49
[10,30,8]: 6810.92 -12.18% 29207.28
[18,30,4]: 6841.06 -12.15% 29224.49
[20,30,4]: 6895.37 -12.09% 29224.49
[12,35,6]: 6946.17 -12.03% 29233.71
[20,40,4]: 7013.81 -11.97% 29275.32
[15,20,8]: 7091.59 -11.86% 29199.51
[15,40,6]: 7093.63 -11.86% 29192.31
[15,35,6]: 7110.04 -11.84% 29191.75
[20,24,6]: 7153.81 -11.79% 29193.77
[12,24,9]: 7166.38 -11.78% 29199.51
[18,24,6]: 7180.72 -11.77% 29222.22
[10,35,8]: 7194.18 -11.75% 29214.9
[10,35,9]: 7210.03 -11.73% 29193.77
[18,20,8]: 7232.94 -11.71% 29194.78
[15,30,6]: 7233.23 -11.71% 29222.22
[12,30,8]: 7248.84 -11.7% 29222.22
[15,24,8]: 7253.1 -11.68% 29194.78
[10,30,9]: 7325.92 -11.61% 29214.9
[15,20,9]: 7350.27 -11.57% 29174.65
[12,30,9]: 7419.72 -11.5% 29193.77
[18,30,6]: 7426.33 -11.5% 29192.31
[12,35,8]: 7432.98 -11.49% 29191.75
[12,40,8]: 7456.92 -11.47% 29199.52
[10,40,9]: 7544.85 -11.37% 29191.75
[12,40,9]: 7649.65 -11.27% 29202.33
[15,35,8]: 7653.13 -11.26% 29202.33
[15,24,9]: 7693.94 -11.22% 29193.77
[15,40,8]: 7764.56 -11.15% 29218.07
[15,30,8]: 7765.07 -11.15% 29199.52
[18,35,6]: 7771.24 -11.14% 29206.27
[18,40,6]: 7772.78 -11.14% 29218.07
[20,24,8]: 7810.38 -11.09% 29173.57
[18,24,8]: 7848.0 -11.06% 29201.54
[20,30,6]: 7859.64 -11.05% 29192.31
[20,35,6]: 7880.18 -11.03% 29218.07
[18,24,9]: 7881.42 -11.02% 29173.57
[15,30,9]: 7889.01 -11.01% 29169.63
[12,35,9]: 7894.21 -11.01% 29199.52
[18,20,9]: 7993.91 -10.91% 29194.78
[20,40,6]: 8042.05 -10.87% 29218.07
[15,40,9]: 8043.74 -10.87% 29199.33
[18,35,8]: 8071.47 -10.84% 29199.33
[15,35,9]: 8121.3 -10.79% 29183.59
[18,30,8]: 8210.36 -10.7% 29183.59
[20,24,9]: 8224.43 -10.68% 29183.59
[20,30,8]: 8425.52 -10.5% 29199.33
[18,30,9]: 8470.12 -10.45% 29199.33
[20,35,8]: 8508.33 -10.42% 29194.91
[18,35,9]: 8683.05 -10.25% 29194.91
[20,40,8]: 8690.04 -10.24% 29155.47
[18,40,8]: 8707.26 -10.23% 29194.91
[20,30,9]: 8762.88 -10.18% 29194.91
[18,40,9]: 8809.47 -10.13% 29155.47
[20,40,9]: 8958.44 -9.99% 29155.47
[20,35,9]: 8998.75 -9.96% 29155.47
hold_obdobje: 31
KONEC! 0:19:15.208644
