[10,20,3]: 2115.77 -20.89% 29237.64
[10,30,3]: 2165.24 -20.72% 29201.2
[10,24,3]: 2165.26 -20.72% 29225.28
[12,24,3]: 2227.15 -20.52% 29210.42
[10,20,4]: 2248.55 -20.45% 29227.08
[12,20,3]: 2249.92 -20.45% 29234.5
[10,24,4]: 2270.34 -20.39% 29232.99
[10,35,3]: 2276.54 -20.36% 29201.43
[15,20,3]: 2298.71 -20.29% 29210.42
[12,20,4]: 2328.49 -20.21% 29232.65
[10,40,3]: 2348.12 -20.14% 29201.43
[12,30,3]: 2367.68 -20.08% 29190.19
[15,24,3]: 2436.85 -19.87% 29198.04
[12,35,3]: 2491.11 -19.71% 29190.19
[10,30,4]: 2497.65 -19.7% 29199.41
[18,20,3]: 2509.75 -19.66% 29205.24
[12,24,4]: 2542.19 -19.57% 29209.88
[12,40,3]: 2556.09 -19.53% 29193.25
[10,20,6]: 2565.32 -19.52% 29250.65
[10,35,4]: 2567.8 -19.5% 29191.13
[15,20,4]: 2580.4 -19.46% 29198.98
[10,40,4]: 2634.75 -19.31% 29191.13
[15,30,3]: 2638.55 -19.3% 29199.08
[18,24,3]: 2675.93 -19.2% 29189.76
[15,35,3]: 2729.85 -19.06% 29199.08
[12,30,4]: 2732.56 -19.05% 29198.98
[15,40,3]: 2794.12 -18.9% 29218.66
[12,35,4]: 2797.11 -18.88% 29197.65
[20,24,3]: 2812.09 -18.84% 29190.45
[10,24,6]: 2836.62 -18.78% 29192.66
[18,30,3]: 2836.9 -18.79% 29224.49
[15,24,4]: 2841.24 -18.77% 29198.98
[12,40,4]: 2843.89 -18.76% 29198.09
[18,20,4]: 2870.11 -18.69% 29190.35
[18,35,3]: 2878.79 -18.68% 29224.49
[12,20,6]: 2899.87 -18.63% 29224.19
[20,30,3]: 2908.8 -18.6% 29224.49
[10,20,8]: 2977.76 -18.43% 29215.56
[10,30,6]: 2981.47 -18.42% 29209.09
[15,30,4]: 2982.1 -18.42% 29224.14
[15,35,4]: 2988.91 -18.41% 29224.49
[10,35,6]: 2996.8 -18.39% 29218.84
[18,24,4]: 3006.59 -18.36% 29226.16
[20,40,3]: 3013.57 -18.35% 29240.02
[12,24,6]: 3019.79 -18.33% 29210.1
[18,40,3]: 3023.26 -18.32% 29218.66
[20,35,3]: 3028.79 -18.31% 29224.49
[10,40,6]: 3072.05 -18.21% 29216.82
[20,24,4]: 3082.25 -18.18% 29231.69
[15,40,4]: 3097.87 -18.15% 29224.49
[15,20,6]: 3129.21 -18.07% 29201.82
[18,30,4]: 3162.55 -18.0% 29224.49
[12,30,6]: 3180.28 -17.95% 29218.84
[10,24,8]: 3189.48 -17.93% 29216.17
[10,20,9]: 3251.15 -17.79% 29206.42
[18,35,4]: 3258.19 -17.78% 29224.49
[20,30,4]: 3320.18 -17.64% 29224.49
[12,20,8]: 3331.25 -17.61% 29216.17
[12,35,6]: 3334.75 -17.61% 29233.71
[18,20,6]: 3349.3 -17.57% 29214.61
[15,24,6]: 3364.8 -17.54% 29214.61
[18,40,4]: 3416.16 -17.43% 29233.12
[20,35,4]: 3419.86 -17.42% 29233.12
[12,40,6]: 3424.0 -17.41% 29231.69
[10,30,8]: 3441.26 -17.37% 29207.28
[10,24,9]: 3448.41 -17.35% 29190.65
[20,40,4]: 3492.75 -17.28% 29275.32
[12,24,8]: 3513.61 -17.21% 29189.57
[18,24,6]: 3545.49 -17.15% 29222.22
[12,20,9]: 3545.63 -17.15% 29205.0
[10,35,8]: 3547.17 -17.15% 29214.9
[10,40,8]: 3580.7 -17.08% 29232.56
[15,30,6]: 3584.55 -17.07% 29222.22
[10,30,9]: 3630.41 -16.98% 29214.9
[15,20,8]: 3711.07 -16.81% 29199.51
[15,35,6]: 3724.15 -16.78% 29191.75
[12,24,9]: 3754.61 -16.72% 29199.51
[10,35,9]: 3765.23 -16.7% 29193.77
[20,24,6]: 3768.75 -16.69% 29193.77
[12,30,8]: 3790.61 -16.66% 29222.22
[15,40,6]: 3815.89 -16.6% 29192.31
[15,24,8]: 3958.63 -16.33% 29194.78
[12,35,8]: 3996.21 -16.26% 29191.75
[15,20,9]: 4005.49 -16.24% 29174.65
[18,30,6]: 4007.98 -16.24% 29192.31
[10,40,9]: 4011.52 -16.23% 29191.75
[18,20,8]: 4049.85 -16.16% 29194.78
[12,30,9]: 4076.84 -16.11% 29193.77
[12,40,8]: 4125.82 -16.02% 29199.52
[15,24,9]: 4193.52 -15.9% 29193.77
[18,35,6]: 4200.1 -15.89% 29206.27
[20,30,6]: 4260.97 -15.78% 29192.31
[12,35,9]: 4304.0 -15.7% 29199.52
[15,30,8]: 4360.15 -15.61% 29199.52
[12,40,9]: 4367.63 -15.59% 29202.33
[18,24,8]: 4446.58 -15.46% 29201.54
[18,20,9]: 4460.25 -15.43% 29194.78
[15,35,8]: 4466.4 -15.42% 29202.33
[18,40,6]: 4487.67 -15.39% 29218.07
[20,24,8]: 4644.61 -15.12% 29173.57
[20,35,6]: 4650.15 -15.12% 29218.07
[15,30,9]: 4650.24 -15.11% 29169.63
[20,40,6]: 4699.23 -15.04% 29218.07
[18,24,9]: 4704.98 -15.02% 29173.57
[15,40,8]: 4867.21 -14.78% 29218.07
[18,30,8]: 4993.66 -14.57% 29183.59
[15,35,9]: 5028.49 -14.52% 29183.59
[20,24,9]: 5079.64 -14.44% 29183.59
[18,35,8]: 5094.18 -14.43% 29199.33
[20,30,8]: 5139.38 -14.36% 29199.33
[15,40,9]: 5140.9 -14.36% 29199.33
[18,30,9]: 5245.43 -14.2% 29199.33
[20,35,8]: 5342.88 -14.06% 29194.91
[18,40,8]: 5426.4 -13.94% 29194.91
[18,35,9]: 5499.61 -13.84% 29194.91
[20,40,8]: 5537.15 -13.77% 29155.47
[20,30,9]: 5559.31 -13.75% 29194.91
[18,40,9]: 5665.8 -13.6% 29155.47
[20,40,9]: 5824.42 -13.38% 29155.47
[20,35,9]: 5947.59 -13.22% 29155.47
hold_obdobje: 7
KONEC! 0:19:18.140087
