[10,20,3]: 1845.0 -21.85% 29237.64
[10,24,3]: 1909.93 -21.6% 29225.28
[10,30,3]: 1970.44 -21.38% 29201.2
[12,20,3]: 1984.43 -21.34% 29234.5
[12,24,3]: 2018.75 -21.21% 29210.42
[10,35,3]: 2039.94 -21.14% 29201.43
[10,20,4]: 2062.95 -21.06% 29227.08
[15,20,3]: 2083.88 -20.99% 29210.42
[12,30,3]: 2120.16 -20.86% 29190.19
[10,40,3]: 2129.9 -20.83% 29201.43
[10,24,4]: 2155.56 -20.75% 29232.99
[12,20,4]: 2195.23 -20.63% 29232.65
[15,24,3]: 2208.42 -20.57% 29198.04
[12,35,3]: 2230.3 -20.5% 29190.19
[10,30,4]: 2244.14 -20.46% 29199.41
[18,20,3]: 2268.26 -20.39% 29205.24
[12,24,4]: 2281.81 -20.35% 29209.88
[12,40,3]: 2307.47 -20.26% 29193.25
[10,35,4]: 2321.9 -20.22% 29191.13
[15,30,3]: 2340.79 -20.16% 29199.08
[15,20,4]: 2367.89 -20.08% 29198.98
[18,24,3]: 2375.74 -20.05% 29189.76
[10,20,6]: 2383.58 -20.04% 29250.65
[15,35,3]: 2395.29 -20.0% 29199.08
[10,40,4]: 2406.54 -19.96% 29191.13
[20,24,3]: 2436.82 -19.87% 29190.45
[15,40,3]: 2439.54 -19.87% 29218.66
[12,30,4]: 2485.32 -19.73% 29198.98
[18,30,3]: 2499.14 -19.7% 29224.49
[12,40,4]: 2516.44 -19.64% 29198.09
[12,35,4]: 2520.16 -19.63% 29197.65
[10,24,6]: 2524.26 -19.62% 29192.66
[18,35,3]: 2529.18 -19.61% 29224.49
[20,30,3]: 2563.29 -19.52% 29224.49
[15,24,4]: 2574.19 -19.48% 29198.98
[18,20,4]: 2577.28 -19.47% 29190.35
[12,20,6]: 2614.42 -19.38% 29224.19
[20,35,3]: 2651.88 -19.27% 29224.49
[15,30,4]: 2665.91 -19.24% 29224.14
[18,40,3]: 2722.38 -19.08% 29218.66
[18,24,4]: 2733.23 -19.06% 29226.16
[10,30,6]: 2756.47 -18.99% 29209.09
[15,40,4]: 2785.69 -18.92% 29224.49
[20,40,3]: 2786.53 -18.92% 29240.02
[20,24,4]: 2789.65 -18.91% 29231.69
[15,35,4]: 2793.69 -18.9% 29224.49
[10,35,6]: 2794.31 -18.89% 29218.84
[10,20,8]: 2802.7 -18.87% 29215.56
[12,24,6]: 2824.53 -18.81% 29210.1
[15,20,6]: 2885.32 -18.66% 29201.82
[10,40,6]: 2911.04 -18.6% 29216.82
[18,35,4]: 2955.91 -18.49% 29224.49
[10,24,8]: 2960.02 -18.48% 29216.17
[18,30,4]: 2964.6 -18.47% 29224.49
[10,20,9]: 2967.93 -18.45% 29206.42
[12,30,6]: 2969.61 -18.45% 29218.84
[20,30,4]: 2998.4 -18.38% 29224.49
[15,24,6]: 3076.95 -18.19% 29214.61
[18,40,4]: 3077.04 -18.2% 29233.12
[12,20,8]: 3094.02 -18.15% 29216.17
[20,35,4]: 3097.44 -18.15% 29233.12
[18,20,6]: 3118.46 -18.1% 29214.61
[12,35,6]: 3118.79 -18.1% 29233.71
[10,24,9]: 3144.34 -18.03% 29190.65
[12,40,6]: 3159.01 -18.01% 29231.69
[10,30,8]: 3164.45 -17.99% 29207.28
[20,40,4]: 3188.99 -17.95% 29275.32
[12,20,9]: 3229.41 -17.84% 29205.0
[10,35,8]: 3231.11 -17.84% 29214.9
[12,24,8]: 3283.91 -17.71% 29189.57
[15,30,6]: 3291.98 -17.7% 29222.22
[10,40,8]: 3294.21 -17.7% 29232.56
[18,24,6]: 3331.03 -17.61% 29222.22
[15,35,6]: 3355.01 -17.55% 29191.75
[10,30,9]: 3416.16 -17.43% 29214.9
[15,20,8]: 3423.69 -17.41% 29199.51
[12,24,9]: 3449.74 -17.35% 29199.51
[15,40,6]: 3478.64 -17.29% 29192.31
[20,24,6]: 3499.42 -17.24% 29193.77
[10,35,9]: 3503.34 -17.24% 29193.77
[12,30,8]: 3512.72 -17.22% 29222.22
[12,35,8]: 3622.17 -16.99% 29191.75
[18,30,6]: 3636.0 -16.96% 29192.31
[15,20,9]: 3701.09 -16.82% 29174.65
[10,40,9]: 3707.84 -16.81% 29191.75
[18,20,8]: 3726.1 -16.78% 29194.78
[15,24,8]: 3729.07 -16.77% 29194.78
[12,30,9]: 3736.29 -16.76% 29193.77
[18,35,6]: 3748.94 -16.74% 29206.27
[20,30,6]: 3784.69 -16.66% 29192.31
[12,40,8]: 3831.11 -16.57% 29199.52
[15,24,9]: 3874.49 -16.49% 29193.77
[18,40,6]: 3935.14 -16.38% 29218.07
[15,30,8]: 3997.66 -16.26% 29199.52
[18,24,8]: 4003.17 -16.25% 29201.54
[12,40,9]: 4006.58 -16.24% 29202.33
[15,35,8]: 4007.98 -16.24% 29202.33
[12,35,9]: 4064.22 -16.13% 29199.52
[18,20,9]: 4107.5 -16.05% 29194.78
[20,35,6]: 4162.1 -15.96% 29218.07
[20,40,6]: 4173.59 -15.94% 29218.07
[15,40,8]: 4236.46 -15.83% 29218.07
[20,24,8]: 4303.33 -15.7% 29173.57
[15,30,9]: 4367.54 -15.58% 29169.63
[18,24,9]: 4415.86 -15.5% 29173.57
[18,30,8]: 4431.84 -15.48% 29183.59
[15,35,9]: 4461.86 -15.43% 29183.59
[20,30,8]: 4687.89 -15.06% 29199.33
[18,35,8]: 4726.23 -15.0% 29199.33
[15,40,9]: 4733.3 -14.98% 29199.33
[20,24,9]: 4757.6 -14.94% 29183.59
[18,40,8]: 4861.42 -14.78% 29194.91
[20,35,8]: 4910.96 -14.7% 29194.91
[18,30,9]: 4926.57 -14.68% 29199.33
[18,35,9]: 5075.82 -14.45% 29194.91
[20,40,8]: 5114.76 -14.38% 29155.47
[20,30,9]: 5144.73 -14.35% 29194.91
[18,40,9]: 5200.21 -14.26% 29155.47
[20,35,9]: 5416.8 -13.94% 29155.47
[20,40,9]: 5496.98 -13.83% 29155.47
hold_obdobje: 1
KONEC! 0:19:35.739319
