[10,30,3]: 3854.32 -13.11% 29201.2
[10,20,4]: 3926.28 -13.0% 29227.08
[10,20,3]: 3951.71 -12.97% 29237.64
[12,24,3]: 3961.04 -12.95% 29210.42
[10,35,3]: 3985.57 -12.91% 29201.43
[10,40,3]: 3986.64 -12.91% 29201.43
[15,20,3]: 4001.59 -12.88% 29210.42
[12,30,3]: 4033.85 -12.83% 29190.19
[10,24,4]: 4054.43 -12.81% 29232.99
[12,20,4]: 4063.81 -12.8% 29232.65
[12,35,3]: 4064.88 -12.79% 29190.19
[10,24,3]: 4068.47 -12.79% 29225.28
[10,20,6]: 4105.54 -12.74% 29250.65
[12,20,3]: 4116.54 -12.72% 29234.5
[15,20,4]: 4162.38 -12.64% 29198.98
[10,30,4]: 4217.69 -12.56% 29199.41
[10,35,4]: 4272.19 -12.48% 29191.13
[12,24,4]: 4287.88 -12.47% 29209.88
[10,40,4]: 4359.34 -12.36% 29191.13
[15,24,3]: 4361.54 -12.36% 29198.04
[18,20,3]: 4370.51 -12.35% 29205.24
[12,40,3]: 4386.54 -12.32% 29193.25
[10,20,8]: 4482.58 -12.2% 29215.56
[15,24,4]: 4567.4 -12.08% 29198.98
[12,35,4]: 4569.47 -12.08% 29197.65
[15,30,3]: 4578.28 -12.06% 29199.08
[12,30,4]: 4593.66 -12.04% 29198.98
[10,35,6]: 4611.49 -12.02% 29218.84
[15,35,3]: 4619.65 -12.01% 29199.08
[18,24,3]: 4633.77 -11.99% 29189.76
[18,20,4]: 4646.54 -11.97% 29190.35
[10,24,6]: 4646.73 -11.97% 29192.66
[20,24,3]: 4656.02 -11.96% 29190.45
[12,24,6]: 4671.3 -11.94% 29210.1
[15,30,4]: 4682.44 -11.93% 29224.14
[18,24,4]: 4713.58 -11.89% 29226.16
[12,40,4]: 4722.64 -11.87% 29198.09
[10,30,6]: 4744.78 -11.85% 29209.09
[12,20,6]: 4773.32 -11.82% 29224.19
[15,20,6]: 4826.14 -11.74% 29201.82
[10,24,8]: 4832.21 -11.74% 29216.17
[12,20,8]: 4870.06 -11.69% 29216.17
[18,30,3]: 4890.09 -11.67% 29224.49
[10,40,6]: 4963.02 -11.57% 29216.82
[10,20,9]: 4992.48 -11.54% 29206.42
[18,35,3]: 5014.12 -11.51% 29224.49
[15,40,3]: 5015.71 -11.51% 29218.66
[18,40,3]: 5037.33 -11.48% 29218.66
[20,35,3]: 5064.49 -11.45% 29224.49
[20,30,3]: 5106.06 -11.4% 29224.49
[18,35,4]: 5130.15 -11.37% 29224.49
[12,30,6]: 5141.7 -11.36% 29218.84
[20,24,4]: 5147.82 -11.35% 29231.69
[20,40,3]: 5172.7 -11.33% 29240.02
[15,35,4]: 5200.7 -11.29% 29224.49
[12,20,9]: 5215.62 -11.27% 29205.0
[15,24,6]: 5218.87 -11.27% 29214.61
[18,40,4]: 5219.03 -11.27% 29233.12
[15,40,4]: 5242.05 -11.24% 29224.49
[10,24,9]: 5253.57 -11.22% 29190.65
[18,20,6]: 5260.37 -11.22% 29214.61
[12,40,6]: 5321.48 -11.15% 29231.69
[10,40,8]: 5324.34 -11.15% 29232.56
[20,30,4]: 5359.47 -11.1% 29224.49
[20,40,4]: 5362.02 -11.11% 29275.32
[20,35,4]: 5366.59 -11.1% 29233.12
[18,30,4]: 5386.72 -11.07% 29224.49
[12,24,8]: 5392.3 -11.06% 29189.57
[15,40,6]: 5403.24 -11.05% 29192.31
[10,30,8]: 5502.73 -10.94% 29207.28
[12,24,9]: 5527.06 -10.91% 29199.51
[15,20,8]: 5531.89 -10.9% 29199.51
[15,35,6]: 5625.13 -10.8% 29191.75
[12,40,8]: 5648.81 -10.77% 29199.52
[12,35,6]: 5653.99 -10.77% 29233.71
[18,24,6]: 5687.42 -10.74% 29222.22
[18,20,8]: 5693.26 -10.72% 29194.78
[15,20,9]: 5712.16 -10.7% 29174.65
[10,35,8]: 5718.25 -10.7% 29214.9
[20,24,6]: 5799.36 -10.61% 29193.77
[18,30,6]: 5807.65 -10.6% 29192.31
[15,24,8]: 5816.19 -10.59% 29194.78
[12,35,8]: 5828.46 -10.58% 29191.75
[10,35,9]: 5852.76 -10.55% 29193.77
[15,40,8]: 5871.35 -10.54% 29218.07
[20,30,6]: 5894.76 -10.51% 29192.31
[15,30,6]: 5898.04 -10.51% 29222.22
[12,30,8]: 5916.5 -10.49% 29222.22
[12,35,9]: 5939.02 -10.46% 29199.52
[18,35,6]: 5944.3 -10.46% 29206.27
[10,30,9]: 5949.5 -10.45% 29214.9
[15,30,8]: 5952.26 -10.45% 29199.52
[18,40,6]: 5954.99 -10.45% 29218.07
[18,24,8]: 5957.43 -10.44% 29201.54
[12,40,9]: 5973.6 -10.43% 29202.33
[10,40,9]: 5974.45 -10.42% 29191.75
[12,30,9]: 5997.02 -10.4% 29193.77
[20,24,8]: 5997.88 -10.4% 29173.57
[20,35,6]: 6009.57 -10.39% 29218.07
[15,24,9]: 6016.28 -10.38% 29193.77
[15,35,8]: 6032.33 -10.37% 29202.33
[15,30,9]: 6050.61 -10.34% 29169.63
[15,40,9]: 6058.42 -10.34% 29199.33
[20,40,6]: 6095.78 -10.3% 29218.07
[18,24,9]: 6143.91 -10.25% 29173.57
[18,35,8]: 6149.38 -10.25% 29199.33
[18,20,9]: 6179.17 -10.21% 29194.78
[20,30,8]: 6210.27 -10.18% 29199.33
[15,35,9]: 6329.81 -10.06% 29183.59
[18,35,9]: 6429.3 -9.97% 29194.91
[20,35,8]: 6443.61 -9.95% 29194.91
[18,30,8]: 6475.69 -9.92% 29183.59
[18,40,8]: 6486.13 -9.91% 29194.91
[20,24,9]: 6564.26 -9.84% 29183.59
[18,30,9]: 6634.64 -9.77% 29199.33
[20,30,9]: 6718.82 -9.69% 29194.91
[20,40,8]: 6744.35 -9.66% 29155.47
[18,40,9]: 6759.35 -9.65% 29155.47
[20,40,9]: 6793.32 -9.61% 29155.47
[20,35,9]: 6958.41 -9.46% 29155.47
hold_obdobje: 31
KONEC! 0:26:43.256780
