[10,20,3]: 1880.66 -17.34% 29237.64
[10,24,3]: 1898.72 -17.28% 29225.28
[10,30,3]: 1921.6 -17.21% 29201.2
[10,20,4]: 1933.8 -17.18% 29227.08
[12,24,3]: 1956.25 -17.11% 29210.42
[12,20,3]: 1976.38 -17.05% 29234.5
[15,20,3]: 1986.95 -17.02% 29210.42
[10,24,4]: 1997.86 -16.99% 29232.99
[12,20,4]: 2011.36 -16.95% 29232.65
[12,30,3]: 2025.9 -16.9% 29190.19
[10,35,3]: 2032.68 -16.88% 29201.43
[10,40,3]: 2076.82 -16.76% 29201.43
[12,35,3]: 2098.72 -16.7% 29190.19
[10,20,6]: 2125.19 -16.64% 29250.65
[18,20,3]: 2127.19 -16.62% 29205.24
[12,24,4]: 2129.13 -16.62% 29209.88
[10,35,4]: 2129.16 -16.61% 29191.13
[10,40,4]: 2135.92 -16.59% 29191.13
[12,40,3]: 2136.46 -16.59% 29193.25
[10,30,4]: 2142.77 -16.58% 29199.41
[15,20,4]: 2157.08 -16.54% 29198.98
[15,24,3]: 2172.57 -16.5% 29198.04
[12,30,4]: 2242.24 -16.31% 29198.98
[15,40,3]: 2251.82 -16.29% 29218.66
[15,30,3]: 2278.95 -16.22% 29199.08
[15,35,3]: 2289.68 -16.19% 29199.08
[20,24,3]: 2316.69 -16.12% 29190.45
[12,35,4]: 2316.7 -16.12% 29197.65
[18,30,3]: 2320.33 -16.12% 29224.49
[18,24,3]: 2334.46 -16.08% 29189.76
[18,40,3]: 2335.89 -16.08% 29218.66
[15,24,4]: 2342.38 -16.06% 29198.98
[18,35,3]: 2344.85 -16.06% 29224.49
[12,20,6]: 2352.09 -16.04% 29224.19
[10,24,6]: 2352.61 -16.03% 29192.66
[18,20,4]: 2358.28 -16.02% 29190.35
[20,30,3]: 2376.18 -15.98% 29224.49
[20,35,3]: 2396.88 -15.93% 29224.49
[12,40,4]: 2407.18 -15.9% 29198.09
[20,40,3]: 2416.08 -15.89% 29240.02
[15,35,4]: 2418.63 -15.88% 29224.49
[18,24,4]: 2437.63 -15.83% 29226.16
[15,30,4]: 2443.08 -15.82% 29224.14
[15,40,4]: 2459.98 -15.78% 29224.49
[12,24,6]: 2465.55 -15.76% 29210.1
[10,35,6]: 2467.94 -15.76% 29218.84
[10,40,6]: 2491.59 -15.7% 29216.82
[20,24,4]: 2501.91 -15.68% 29231.69
[10,30,6]: 2530.39 -15.61% 29209.09
[10,20,8]: 2531.88 -15.61% 29215.56
[18,35,4]: 2538.04 -15.6% 29224.49
[18,30,4]: 2568.04 -15.53% 29224.49
[12,30,6]: 2607.79 -15.44% 29218.84
[10,20,9]: 2612.57 -15.42% 29206.42
[15,20,6]: 2617.96 -15.41% 29201.82
[12,35,6]: 2662.91 -15.32% 29233.71
[20,30,4]: 2664.98 -15.31% 29224.49
[12,40,6]: 2670.46 -15.3% 29231.69
[10,24,8]: 2671.73 -15.29% 29216.17
[18,20,6]: 2698.86 -15.23% 29214.61
[20,35,4]: 2701.83 -15.23% 29233.12
[12,20,8]: 2711.85 -15.21% 29216.17
[18,40,4]: 2738.74 -15.15% 29233.12
[15,24,6]: 2776.5 -15.07% 29214.61
[12,24,8]: 2778.06 -15.06% 29189.57
[12,20,9]: 2802.77 -15.01% 29205.0
[15,30,6]: 2822.76 -14.97% 29222.22
[18,24,6]: 2830.83 -14.95% 29222.22
[10,24,9]: 2832.49 -14.94% 29190.65
[10,30,8]: 2851.49 -14.91% 29207.28
[10,35,8]: 2881.82 -14.85% 29214.9
[20,40,4]: 2885.07 -14.85% 29275.32
[10,40,8]: 2887.53 -14.84% 29232.56
[10,30,9]: 2917.27 -14.78% 29214.9
[20,24,6]: 2952.51 -14.7% 29193.77
[15,20,8]: 2952.96 -14.7% 29199.51
[15,35,6]: 2964.69 -14.68% 29191.75
[12,24,9]: 2973.21 -14.66% 29199.51
[12,30,8]: 2989.66 -14.63% 29222.22
[10,35,9]: 2998.72 -14.61% 29193.77
[15,40,6]: 3004.39 -14.6% 29192.31
[10,40,9]: 3072.81 -14.46% 29191.75
[12,35,8]: 3101.38 -14.41% 29191.75
[18,30,6]: 3111.21 -14.39% 29192.31
[15,24,8]: 3122.98 -14.37% 29194.78
[18,20,8]: 3139.11 -14.34% 29194.78
[15,20,9]: 3177.59 -14.26% 29174.65
[12,30,9]: 3178.16 -14.26% 29193.77
[12,40,8]: 3208.25 -14.21% 29199.52
[12,35,9]: 3221.57 -14.18% 29199.52
[18,35,6]: 3254.67 -14.12% 29206.27
[15,24,9]: 3266.06 -14.1% 29193.77
[20,30,6]: 3308.19 -14.02% 29192.31
[15,30,8]: 3317.09 -14.01% 29199.52
[18,20,9]: 3321.45 -14.0% 29194.78
[12,40,9]: 3327.18 -13.99% 29202.33
[18,24,8]: 3327.25 -13.99% 29201.54
[15,35,8]: 3330.1 -13.99% 29202.33
[18,40,6]: 3363.75 -13.93% 29218.07
[20,35,6]: 3381.45 -13.9% 29218.07
[20,24,8]: 3460.1 -13.75% 29173.57
[15,30,9]: 3460.37 -13.75% 29169.63
[18,24,9]: 3502.44 -13.68% 29173.57
[20,40,6]: 3534.1 -13.63% 29218.07
[15,40,8]: 3544.0 -13.62% 29218.07
[18,30,8]: 3648.65 -13.44% 29183.59
[15,35,9]: 3688.47 -13.37% 29183.59
[20,30,8]: 3719.61 -13.32% 29199.33
[20,24,9]: 3765.08 -13.25% 29183.59
[18,35,8]: 3778.62 -13.23% 29199.33
[15,40,9]: 3845.44 -13.12% 29199.33
[18,30,9]: 3897.81 -13.04% 29199.33
[20,35,8]: 3984.67 -12.91% 29194.91
[18,40,8]: 4026.71 -12.84% 29194.91
[20,30,9]: 4120.11 -12.7% 29194.91
[18,35,9]: 4193.0 -12.6% 29194.91
[20,40,8]: 4275.49 -12.47% 29155.47
[18,40,9]: 4320.39 -12.41% 29155.47
[20,35,9]: 4482.29 -12.18% 29155.47
[20,40,9]: 4483.36 -12.18% 29155.47
hold_obdobje: 7
KONEC! 0:26:39.998582
