[10,20,3]: 1758.28 -17.72% 29237.64
[10,24,3]: 1843.47 -17.45% 29225.28
[10,30,3]: 1850.27 -17.42% 29201.2
[10,35,3]: 1894.43 -17.29% 29201.43
[12,24,3]: 1906.78 -17.25% 29210.42
[12,20,3]: 1915.34 -17.23% 29234.5
[15,20,3]: 1939.57 -17.15% 29210.42
[10,20,4]: 1948.42 -17.13% 29227.08
[12,30,3]: 1961.46 -17.09% 29190.19
[10,40,3]: 1965.54 -17.08% 29201.43
[10,24,4]: 2025.09 -16.91% 29232.99
[15,24,3]: 2026.72 -16.9% 29198.04
[12,35,3]: 2034.1 -16.88% 29190.19
[12,20,4]: 2054.48 -16.83% 29232.65
[18,20,3]: 2055.36 -16.82% 29205.24
[10,30,4]: 2076.55 -16.76% 29199.41
[10,35,4]: 2078.36 -16.75% 29191.13
[12,40,3]: 2078.61 -16.75% 29193.25
[12,24,4]: 2104.33 -16.68% 29209.88
[15,20,4]: 2116.83 -16.65% 29198.98
[15,30,3]: 2124.3 -16.63% 29199.08
[10,40,4]: 2125.95 -16.62% 29191.13
[18,24,3]: 2142.02 -16.58% 29189.76
[10,20,6]: 2173.04 -16.51% 29250.65
[10,24,6]: 2205.61 -16.41% 29192.66
[15,35,3]: 2207.61 -16.4% 29199.08
[20,24,3]: 2209.25 -16.4% 29190.45
[12,40,4]: 2219.51 -16.37% 29198.09
[12,35,4]: 2221.35 -16.37% 29197.65
[15,40,3]: 2223.14 -16.37% 29218.66
[15,24,4]: 2227.19 -16.35% 29198.98
[12,30,4]: 2237.14 -16.33% 29198.98
[18,20,4]: 2242.36 -16.31% 29190.35
[18,35,3]: 2272.84 -16.24% 29224.49
[18,40,3]: 2277.92 -16.23% 29218.66
[18,30,3]: 2278.85 -16.23% 29224.49
[20,35,3]: 2295.63 -16.18% 29224.49
[12,20,6]: 2304.0 -16.16% 29224.19
[10,30,6]: 2314.6 -16.13% 29209.09
[20,30,3]: 2316.29 -16.13% 29224.49
[15,40,4]: 2336.59 -16.08% 29224.49
[15,30,4]: 2342.91 -16.06% 29224.14
[15,35,4]: 2353.16 -16.04% 29224.49
[20,40,3]: 2355.43 -16.04% 29240.02
[18,24,4]: 2360.03 -16.02% 29226.16
[12,24,6]: 2369.23 -16.0% 29210.1
[10,35,6]: 2373.31 -15.99% 29218.84
[18,30,4]: 2384.4 -15.96% 29224.49
[10,20,8]: 2384.52 -15.96% 29215.56
[18,35,4]: 2385.67 -15.96% 29224.49
[20,24,4]: 2385.68 -15.96% 29231.69
[10,40,6]: 2392.77 -15.94% 29216.82
[15,20,6]: 2419.81 -15.87% 29201.82
[10,24,8]: 2435.17 -15.84% 29216.17
[20,30,4]: 2449.41 -15.8% 29224.49
[12,30,6]: 2459.84 -15.78% 29218.84
[10,20,9]: 2474.67 -15.74% 29206.42
[18,40,4]: 2490.98 -15.71% 29233.12
[15,24,6]: 2512.86 -15.65% 29214.61
[20,35,4]: 2531.45 -15.61% 29233.12
[12,35,6]: 2542.01 -15.59% 29233.71
[12,40,6]: 2552.12 -15.57% 29231.69
[12,20,8]: 2552.97 -15.56% 29216.17
[18,20,6]: 2569.06 -15.52% 29214.61
[10,30,8]: 2584.96 -15.49% 29207.28
[10,35,8]: 2618.44 -15.41% 29214.9
[10,24,9]: 2625.74 -15.39% 29190.65
[20,40,4]: 2654.49 -15.34% 29275.32
[18,24,6]: 2668.07 -15.3% 29222.22
[15,30,6]: 2684.75 -15.27% 29222.22
[15,35,6]: 2697.48 -15.23% 29191.75
[12,20,9]: 2704.3 -15.22% 29205.0
[10,40,8]: 2711.84 -15.21% 29232.56
[12,24,8]: 2728.17 -15.17% 29189.57
[15,20,8]: 2796.11 -15.02% 29199.51
[10,30,9]: 2800.53 -15.02% 29214.9
[10,35,9]: 2810.02 -14.99% 29193.77
[20,24,6]: 2818.37 -14.97% 29193.77
[12,24,9]: 2829.11 -14.95% 29199.51
[15,40,6]: 2832.4 -14.95% 29192.31
[12,30,8]: 2837.79 -14.94% 29222.22
[18,30,6]: 2875.73 -14.86% 29192.31
[12,35,8]: 2893.56 -14.82% 29191.75
[10,40,9]: 2942.39 -14.72% 29191.75
[15,20,9]: 2972.5 -14.66% 29174.65
[12,30,9]: 2996.96 -14.61% 29193.77
[20,30,6]: 3008.23 -14.59% 29192.31
[18,35,6]: 3014.16 -14.58% 29206.27
[12,40,8]: 3033.59 -14.54% 29199.52
[18,20,8]: 3052.22 -14.5% 29194.78
[15,24,8]: 3061.0 -14.49% 29194.78
[15,24,9]: 3114.91 -14.38% 29193.77
[18,40,6]: 3146.54 -14.33% 29218.07
[18,24,8]: 3155.42 -14.31% 29201.54
[15,30,8]: 3174.87 -14.27% 29199.52
[12,35,9]: 3190.86 -14.24% 29199.52
[15,35,8]: 3192.33 -14.24% 29202.33
[20,35,6]: 3209.05 -14.21% 29218.07
[12,40,9]: 3237.77 -14.15% 29202.33
[18,20,9]: 3279.05 -14.08% 29194.78
[20,40,6]: 3287.46 -14.07% 29218.07
[15,40,8]: 3314.99 -14.02% 29218.07
[20,24,8]: 3321.9 -14.0% 29173.57
[18,30,8]: 3384.9 -13.89% 29183.59
[15,30,9]: 3393.83 -13.87% 29169.63
[18,24,9]: 3415.23 -13.83% 29173.57
[15,35,9]: 3451.41 -13.77% 29183.59
[20,30,8]: 3547.23 -13.61% 29199.33
[18,35,8]: 3553.07 -13.6% 29199.33
[20,24,9]: 3612.77 -13.5% 29183.59
[15,40,9]: 3633.64 -13.46% 29199.33
[18,30,9]: 3675.51 -13.39% 29199.33
[18,40,8]: 3703.82 -13.35% 29194.91
[20,35,8]: 3726.59 -13.31% 29194.91
[18,35,9]: 3811.04 -13.18% 29194.91
[20,30,9]: 3863.66 -13.09% 29194.91
[20,40,8]: 3982.55 -12.9% 29155.47
[18,40,9]: 4022.75 -12.84% 29155.47
[20,35,9]: 4176.76 -12.61% 29155.47
[20,40,9]: 4276.6 -12.47% 29155.47
hold_obdobje: 1
KONEC! 0:24:42.925547
