[10,20,6]: 37392.98 1.72% 29250.65
[10,40,3]: 38328.51 1.91% 29201.43
[15,20,4]: 38743.01 1.98% 29198.98
[10,30,3]: 38762.55 1.98% 29201.2
[10,20,3]: 38768.08 1.98% 29237.64
[12,20,6]: 38770.52 1.98% 29224.19
[10,20,4]: 38788.19 1.98% 29227.08
[10,24,4]: 38800.14 1.98% 29232.99
[10,35,3]: 38836.73 2.0% 29201.43
[10,24,3]: 38922.3 2.01% 29225.28
[12,20,3]: 38941.84 2.01% 29234.5
[20,30,3]: 39010.35 2.02% 29224.49
[10,35,4]: 39171.53 2.06% 29191.13
[12,35,3]: 39199.23 2.07% 29190.19
[10,24,6]: 39233.79 2.07% 29192.66
[12,24,6]: 39294.05 2.08% 29210.1
[12,24,4]: 39382.95 2.1% 29209.88
[12,30,4]: 39407.23 2.1% 29198.98
[12,20,4]: 39443.34 2.1% 29232.65
[18,20,3]: 39450.6 2.11% 29205.24
[15,24,4]: 39490.27 2.12% 29198.98
[18,35,3]: 39522.42 2.12% 29224.49
[10,20,8]: 39552.99 2.12% 29215.56
[10,30,4]: 39624.37 2.14% 29199.41
[12,30,8]: 39630.64 2.14% 29222.22
[12,40,3]: 39671.24 2.15% 29193.25
[12,30,3]: 39678.48 2.15% 29190.19
[10,35,9]: 39689.52 2.15% 29193.77
[15,20,3]: 39718.91 2.16% 29210.42
[10,30,6]: 39744.7 2.16% 29209.09
[12,40,6]: 39773.1 2.16% 29231.69
[20,24,6]: 39800.79 2.17% 29193.77
[15,30,3]: 39833.47 2.18% 29199.08
[15,40,4]: 39859.28 2.18% 29224.49
[18,30,3]: 39941.87 2.19% 29224.49
[12,35,8]: 39958.91 2.2% 29191.75
[20,24,3]: 39973.49 2.21% 29190.45
[15,35,3]: 39983.58 2.21% 29199.08
[15,35,6]: 39985.27 2.21% 29191.75
[18,20,4]: 39989.91 2.21% 29190.35
[10,35,6]: 40050.62 2.21% 29218.84
[12,24,3]: 40074.69 2.22% 29210.42
[18,24,3]: 40077.7 2.22% 29189.76
[15,30,4]: 40080.49 2.22% 29224.14
[15,30,6]: 40084.54 2.22% 29222.22
[15,24,3]: 40102.6 2.23% 29198.04
[12,30,9]: 40149.39 2.24% 29193.77
[18,24,4]: 40149.76 2.23% 29226.16
[10,40,9]: 40153.7 2.24% 29191.75
[20,24,4]: 40223.2 2.24% 29231.69
[10,35,8]: 40240.04 2.25% 29214.9
[15,40,6]: 40247.74 2.25% 29192.31
[15,35,4]: 40284.31 2.25% 29224.49
[20,35,8]: 40333.18 2.27% 29194.91
[18,40,3]: 40339.8 2.26% 29218.66
[10,20,9]: 40370.49 2.27% 29206.42
[12,40,8]: 40381.93 2.28% 29199.52
[12,35,4]: 40392.99 2.28% 29197.65
[10,30,9]: 40402.14 2.28% 29214.9
[18,40,8]: 40435.79 2.29% 29194.91
[10,40,8]: 40439.24 2.28% 29232.56
[10,40,4]: 40472.56 2.29% 29191.13
[18,20,9]: 40484.95 2.29% 29194.78
[18,24,8]: 40496.49 2.3% 29201.54
[12,24,9]: 40506.73 2.3% 29199.51
[18,24,6]: 40510.97 2.29% 29222.22
[15,40,3]: 40512.44 2.29% 29218.66
[15,40,9]: 40544.1 2.3% 29199.33
[15,24,9]: 40583.65 2.31% 29193.77
[15,30,8]: 40585.83 2.31% 29199.52
[18,35,4]: 40599.97 2.31% 29224.49
[18,35,6]: 40641.44 2.32% 29206.27
[20,35,3]: 40677.21 2.32% 29224.49
[12,35,9]: 40683.5 2.33% 29199.52
[12,40,4]: 40719.08 2.33% 29198.09
[18,40,4]: 40723.81 2.33% 29233.12
[15,24,6]: 40740.84 2.33% 29214.61
[20,30,4]: 40754.49 2.33% 29224.49
[18,30,6]: 40779.01 2.35% 29192.31
[18,30,4]: 40788.51 2.34% 29224.49
[12,35,6]: 40802.26 2.34% 29233.71
[18,35,9]: 40830.4 2.35% 29194.91
[15,20,8]: 40942.8 2.37% 29199.51
[20,35,4]: 40967.1 2.37% 29233.12
[10,40,6]: 40983.78 2.38% 29216.82
[15,20,6]: 41011.48 2.38% 29201.82
[18,20,8]: 41025.39 2.39% 29194.78
[10,30,8]: 41034.42 2.39% 29207.28
[12,20,9]: 41077.69 2.4% 29205.0
[12,30,6]: 41084.05 2.39% 29218.84
[20,30,9]: 41102.12 2.4% 29194.91
[12,20,8]: 41108.95 2.4% 29216.17
[20,40,3]: 41129.71 2.4% 29240.02
[12,40,9]: 41214.54 2.42% 29202.33
[20,30,6]: 41299.7 2.44% 29192.31
[20,40,4]: 41302.39 2.42% 29275.32
[10,24,8]: 41323.63 2.44% 29216.17
[18,35,8]: 41331.21 2.44% 29199.33
[18,20,6]: 41382.06 2.45% 29214.61
[10,24,9]: 41519.97 2.47% 29190.65
[20,40,8]: 41548.75 2.49% 29155.47
[15,24,8]: 41563.9 2.48% 29194.78
[12,24,8]: 41610.59 2.49% 29189.57
[15,35,8]: 41707.06 2.5% 29202.33
[20,30,8]: 41799.08 2.52% 29199.33
[15,20,9]: 41827.72 2.53% 29174.65
[18,40,9]: 42079.55 2.58% 29155.47
[15,35,9]: 42210.88 2.59% 29183.59
[20,24,8]: 42230.94 2.6% 29173.57
[15,40,8]: 42235.27 2.59% 29218.07
[20,35,9]: 42378.08 2.63% 29155.47
[20,35,6]: 42433.27 2.62% 29218.07
[20,40,6]: 42435.25 2.62% 29218.07
[18,40,6]: 42451.79 2.63% 29218.07
[15,30,9]: 42496.51 2.65% 29169.63
[18,24,9]: 42517.26 2.65% 29173.57
[20,40,9]: 42690.53 2.68% 29155.47
[18,30,9]: 42692.86 2.67% 29199.33
[18,30,8]: 43462.02 2.8% 29183.59
[20,24,9]: 44585.79 2.98% 29183.59
hold_obdobje: 365
KONEC! 0:26:45.386132
