[[15, 3],[10, 1.9]]: 21903.43 -2.77%
[[15, 3],[20, 2]]: 22406.11 -2.57%
[[9, 8],[10, 1.9]]: 22533.33 -2.52%
[[20, 3],[10, 1.9]]: 22595.58 -2.5%
[[25, 3],[10, 1.9]]: 22595.58 -2.5%
[[5, 3],[20, 2]]: 22947.95 -2.36%
[[9, 8],[40, 2.1]]: 23482.2 -2.16%
[[9, 8],[50, 2.1]]: 23482.2 -2.16%
[[25, 11],[10, 1.9]]: 23784.65 -2.05%
[[15, 5],[10, 1.9]]: 23817.27 -2.04%
[[15, 8],[10, 1.9]]: 23970.38 -1.98%
[[9, 5],[40, 2.1]]: 24383.09 -1.83%
[[9, 5],[30, 2]]: 24467.54 -1.8%
[[25, 5],[20, 2]]: 24523.1 -1.78%
[[9, 5],[50, 2.1]]: 24556.06 -1.77%
[[20, 3],[20, 2]]: 24835.41 -1.67%
[[15, 5],[40, 2.1]]: 24862.33 -1.66%
[[15, 3],[30, 2]]: 25438.77 -1.46%
[[20, 5],[10, 1.9]]: 25606.54 -1.4%
[[25, 5],[10, 1.9]]: 25606.54 -1.4%
[[9, 8],[30, 2]]: 25649.25 -1.39%
[[25, 3],[20, 2]]: 25683.49 -1.38%
[[20, 5],[40, 2.1]]: 25862.37 -1.32%
[[9, 3],[10, 1.9]]: 25992.0 -1.27%
[[15, 5],[50, 2.1]]: 26112.8 -1.23%
[[25, 5],[40, 2.1]]: 26214.91 -1.2%
[[9, 3],[30, 2]]: 26368.77 -1.14%
[[15, 3],[40, 2.1]]: 26372.79 -1.14%
[[20, 8],[50, 2.1]]: 26441.58 -1.12%
[[20, 3],[40, 2.1]]: 26481.45 -1.11%
[[20, 8],[10, 1.9]]: 26990.54 -0.94%
[[20, 5],[50, 2.1]]: 27006.95 -0.93%
[[9, 8],[20, 2]]: 27119.3 -0.9%
[[25, 3],[40, 2.1]]: 27187.66 -0.87%
[[9, 3],[20, 2]]: 27759.98 -0.69%
[[25, 3],[30, 2]]: 27892.64 -0.65%
[[15, 5],[30, 2]]: 27924.68 -0.64%
[[20, 3],[30, 2]]: 27936.23 -0.63%
[[5, 3],[30, 2]]: 28232.02 -0.54%
[[25, 8],[10, 1.9]]: 28643.46 -0.41%
[[20, 11],[10, 1.9]]: 28669.38 -0.4%
[[15, 11],[10, 1.9]]: 28735.07 -0.38%
[[20, 5],[30, 2]]: 29333.74 -0.2%
[[20, 3],[50, 2.1]]: 29411.1 -0.18%
[[9, 3],[50, 2.1]]: 29452.95 -0.16%
[[15, 3],[50, 2.1]]: 29452.95 -0.16%
[[15, 5],[20, 2]]: 29748.77 -0.08%
[[20, 5],[20, 2]]: 29967.37 -0.01%
[[15, 14],[10, 1.9]]: 30000.0 0.0%
[[15, 14],[20, 2]]: 30000.0 0.0%
[[15, 14],[30, 2]]: 30000.0 0.0%
[[15, 14],[40, 2.1]]: 30000.0 0.0%
[[15, 14],[50, 2.1]]: 30000.0 0.0%
[[20, 11],[30, 2]]: 30000.0 0.0%
[[20, 14],[10, 1.9]]: 30000.0 0.0%
[[20, 14],[20, 2]]: 30000.0 0.0%
[[20, 14],[30, 2]]: 30000.0 0.0%
[[20, 14],[40, 2.1]]: 30000.0 0.0%
[[20, 14],[50, 2.1]]: 30000.0 0.0%
[[25, 11],[30, 2]]: 30000.0 0.0%
[[25, 11],[40, 2.1]]: 30000.0 0.0%
[[25, 14],[10, 1.9]]: 30000.0 0.0%
[[25, 14],[20, 2]]: 30000.0 0.0%
[[25, 14],[30, 2]]: 30000.0 0.0%
[[25, 14],[40, 2.1]]: 30000.0 0.0%
[[25, 14],[50, 2.1]]: 30000.0 0.0%
[[15, 8],[20, 2]]: 30275.93 0.08%
[[25, 11],[20, 2]]: 30306.23 0.09%
[[9, 3],[40, 2.1]]: 30631.27 0.19%
[[25, 5],[50, 2.1]]: 30779.05 0.23%
[[15, 8],[50, 2.1]]: 30895.56 0.26%
[[20, 8],[20, 2]]: 31068.77 0.31%
[[25, 3],[50, 2.1]]: 31388.07 0.4%
[[9, 5],[10, 1.9]]: 31950.45 0.56%
[[5, 3],[50, 2.1]]: 31979.59 0.57%
[[15, 11],[50, 2.1]]: 32444.9 0.7%
[[5, 3],[40, 2.1]]: 32456.41 0.7%
[[20, 8],[30, 2]]: 32878.99 0.82%
[[25, 5],[30, 2]]: 33262.61 0.93%
[[15, 11],[20, 2]]: 33413.45 0.97%
[[25, 8],[20, 2]]: 33430.45 0.97%
[[20, 11],[20, 2]]: 33439.37 0.97%
[[15, 11],[30, 2]]: 33621.69 1.02%
[[20, 8],[40, 2.1]]: 34978.46 1.38%
[[15, 8],[40, 2.1]]: 36214.47 1.69%
[[5, 3],[10, 1.9]]: 37570.7 2.03%
[[25, 8],[50, 2.1]]: 38753.2 2.31%
[[9, 5],[20, 2]]: 40423.45 2.7%
[[15, 11],[40, 2.1]]: 40979.29 2.82%
[[20, 11],[40, 2.1]]: 41005.21 2.83%
[[20, 11],[50, 2.1]]: 41005.21 2.83%
[[25, 11],[50, 2.1]]: 41023.85 2.83%
[[25, 8],[30, 2]]: 42308.23 3.11%
[[15, 8],[30, 2]]: 42473.69 3.15%
[[25, 8],[40, 2.1]]: 59935.64 6.37%
hold_obdobje: 7
KONEC! 0:00:35.359325
