[[20, 3],[20, 2]]: 23222.33 -1.48% 28809.86
[[25, 3],[20, 2]]: 23239.24 -1.48% 28805.92
[[15, 3],[20, 2]]: 23352.71 -1.45% 28843.73
[[15, 5],[20, 2]]: 24335.11 -1.18% 28890.61
[[20, 5],[20, 2]]: 25066.44 -0.98% 28902.09
[[20, 3],[40, 2.1]]: 25325.87 -0.94% 29025.53
[[25, 5],[50, 2.1]]: 25431.83 -0.91% 29013.03
[[25, 3],[50, 2.1]]: 25549.49 -0.88% 29038.37
[[25, 3],[40, 2.1]]: 25654.38 -0.85% 29009.27
[[20, 5],[40, 2.1]]: 26131.44 -0.66% 28755.71
[[20, 5],[50, 2.1]]: 26190.34 -0.66% 28809.45
[[20, 5],[30, 2]]: 26418.27 -0.59% 28768.61
[[25, 8],[50, 2.1]]: 26520.72 -0.61% 28977.96
[[20, 3],[50, 2.1]]: 26542.27 -0.57% 28818.56
[[25, 5],[40, 2.1]]: 26599.79 -0.56% 28840.75
[[20, 8],[50, 2.1]]: 26681.69 -0.5% 28681.52
[[9, 5],[20, 2]]: 26722.72 -0.58% 29053.06
[[20, 8],[30, 2]]: 26739.03 -0.52% 28842.9
[[20, 3],[30, 2]]: 26776.54 -0.54% 28954.1
[[25, 5],[30, 2]]: 26951.88 -0.45% 28762.8
[[20, 11],[50, 2.1]]: 26963.01 -0.44% 28746.74
[[20, 8],[40, 2.1]]: 27015.22 -0.53% 29165.72
[[9, 3],[10, 1.9]]: 27024.93 -0.5% 29058.47
[[25, 8],[40, 2.1]]: 27154.5 -0.46% 29016.0
[[25, 11],[50, 2.1]]: 27157.81 -0.4% 28774.52
[[25, 5],[20, 2]]: 27198.26 -0.4% 28803.25
[[15, 3],[10, 1.9]]: 27207.81 -0.46% 29066.39
[[15, 5],[30, 2]]: 27255.29 -0.4% 28860.97
[[25, 5],[10, 1.9]]: 27411.55 -0.35% 28822.17
[[9, 3],[20, 2]]: 27485.81 -0.34% 28889.18
[[25, 3],[10, 1.9]]: 27498.53 -0.36% 28949.72
[[15, 8],[30, 2]]: 27724.24 -0.18% 28460.16
[[25, 8],[30, 2]]: 27794.63 -0.16% 28428.75
[[25, 3],[30, 2]]: 27800.62 -0.28% 28956.52
[[15, 5],[10, 1.9]]: 27894.44 -0.26% 28958.25
[[15, 3],[30, 2]]: 27915.75 -0.27% 29016.44
[[15, 3],[40, 2.1]]: 28072.04 -0.23% 29031.3
[[25, 8],[20, 2]]: 28232.16 -0.08% 28573.19
[[20, 3],[10, 1.9]]: 28329.21 -0.16% 28972.44
[[15, 8],[20, 2]]: 28438.46 -0.05% 28644.96
[[25, 11],[40, 2.1]]: 28496.69 -0.13% 29051.31
[[20, 14],[50, 2.1]]: 28649.1 -0.02% 28730.42
[[15, 5],[50, 2.1]]: 28659.6 -0.03% 28796.22
[[15, 5],[40, 2.1]]: 28754.92 -0.08% 29100.28
[[25, 11],[20, 2]]: 28842.32 0.07% 28534.83
[[20, 8],[10, 1.9]]: 28855.25 0.02% 28757.16
[[20, 8],[20, 2]]: 28916.89 0.09% 28542.99
[[15, 11],[20, 2]]: 28938.84 0.1% 28514.38
[[25, 14],[20, 2]]: 29010.35 0.08% 28695.16
[[25, 14],[50, 2.1]]: 29042.12 0.08% 28696.56
[[5, 3],[10, 1.9]]: 29203.73 0.02% 29127.68
[[15, 11],[10, 1.9]]: 29207.88 0.14% 28641.45
[[20, 5],[10, 1.9]]: 29382.57 0.14% 28805.18
[[15, 8],[50, 2.1]]: 29406.03 0.16% 28750.79
[[20, 11],[40, 2.1]]: 29620.59 0.14% 29038.1
[[20, 14],[20, 2]]: 29641.57 0.24% 28634.39
[[9, 5],[10, 1.9]]: 29803.64 0.18% 29032.46
[[25, 8],[10, 1.9]]: 29806.08 0.24% 28786.76
[[9, 3],[40, 2.1]]: 29865.31 0.23% 28913.51
[[25, 11],[30, 2]]: 30022.16 0.32% 28677.16
[[15, 8],[40, 2.1]]: 30055.37 0.25% 28982.39
[[20, 11],[30, 2]]: 30084.65 0.33% 28709.94
[[15, 8],[10, 1.9]]: 30337.62 0.34% 28876.05
[[5, 3],[20, 2]]: 30456.17 0.35% 28945.8
[[20, 14],[10, 1.9]]: 30505.28 0.47% 28503.81
[[20, 11],[10, 1.9]]: 30631.97 0.46% 28672.36
[[15, 3],[50, 2.1]]: 30864.38 0.48% 28820.14
[[9, 8],[20, 2]]: 31061.35 0.48% 29003.22
[[25, 14],[30, 2]]: 31123.91 0.63% 28413.2
[[20, 11],[20, 2]]: 31153.33 0.63% 28456.58
[[25, 11],[10, 1.9]]: 31521.74 0.62% 28832.89
[[15, 14],[10, 1.9]]: 31554.48 0.67% 28670.76
[[9, 3],[30, 2]]: 31639.57 0.63% 28890.95
[[25, 14],[10, 1.9]]: 31740.29 0.7% 28718.76
[[9, 8],[30, 2]]: 32025.82 0.77% 28681.78
[[9, 5],[30, 2]]: 32066.2 0.78% 28678.44
[[9, 5],[40, 2.1]]: 32200.37 0.7% 29105.26
[[20, 14],[30, 2]]: 32220.31 0.89% 28368.35
[[5, 3],[50, 2.1]]: 32274.61 0.7% 29168.5
[[15, 11],[40, 2.1]]: 32497.29 0.8% 28966.45
[[15, 14],[30, 2]]: 32546.32 0.94% 28449.62
[[15, 11],[30, 2]]: 32847.64 0.96% 28631.45
[[5, 3],[40, 2.1]]: 33102.49 0.84% 29359.38
[[9, 3],[50, 2.1]]: 33524.11 1.01% 29005.65
[[9, 5],[50, 2.1]]: 33663.81 1.05% 28976.24
[[9, 8],[40, 2.1]]: 33921.48 1.1% 28993.09
[[15, 11],[50, 2.1]]: 34171.03 1.16% 28922.8
[[9, 8],[50, 2.1]]: 34347.59 1.15% 29110.08
[[15, 14],[20, 2]]: 34849.97 1.19% 29377.71
[[25, 14],[40, 2.1]]: 34963.22 1.32% 28962.8
[[9, 8],[10, 1.9]]: 35117.82 1.38% 28820.66
[[15, 14],[50, 2.1]]: 35412.34 1.41% 28933.88
[[15, 14],[40, 2.1]]: 35420.27 1.44% 28808.17
[[20, 14],[40, 2.1]]: 35472.13 1.42% 28941.76
[[5, 3],[30, 2]]: 35652.43 1.43% 29043.21
hold_obdobje: 7
KONEC! 0:25:33.462588
