[[20, 14],[10, 1.9]]: 29589.1 0.26% 28503.81
[[15, 11],[10, 1.9]]: 30213.13 0.37% 28641.45
[[20, 5],[10, 1.9]]: 30367.87 0.37% 28805.18
[[15, 5],[20, 2]]: 30535.94 0.39% 28890.61
[[9, 3],[10, 1.9]]: 30564.56 0.35% 29058.47
[[20, 8],[10, 1.9]]: 30881.49 0.5% 28757.16
[[25, 3],[40, 2.1]]: 30973.78 0.46% 29009.27
[[20, 3],[40, 2.1]]: 31141.45 0.49% 29025.53
[[25, 8],[20, 2]]: 31205.13 0.61% 28573.19
[[20, 11],[10, 1.9]]: 31258.46 0.6% 28672.36
[[15, 8],[20, 2]]: 31470.28 0.65% 28644.96
[[15, 11],[20, 2]]: 31472.26 0.69% 28514.38
[[25, 14],[20, 2]]: 31472.35 0.64% 28695.16
[[25, 5],[10, 1.9]]: 31603.84 0.64% 28822.17
[[20, 5],[40, 2.1]]: 31620.62 0.66% 28755.71
[[20, 5],[30, 2]]: 31809.01 0.7% 28768.61
[[20, 8],[40, 2.1]]: 31834.24 0.61% 29165.72
[[20, 14],[50, 2.1]]: 31845.74 0.72% 28730.42
[[20, 5],[20, 2]]: 31850.09 0.68% 28902.09
[[25, 8],[10, 1.9]]: 31902.87 0.72% 28786.76
[[15, 8],[10, 1.9]]: 31916.29 0.7% 28876.05
[[15, 3],[20, 2]]: 31936.82 0.71% 28843.73
[[15, 5],[40, 2.1]]: 31945.55 0.65% 29100.28
[[25, 11],[20, 2]]: 32007.15 0.8% 28534.83
[[25, 8],[40, 2.1]]: 32038.07 0.69% 29016.0
[[25, 14],[10, 1.9]]: 32131.13 0.78% 28718.76
[[20, 5],[50, 2.1]]: 32134.46 0.76% 28809.45
[[25, 14],[50, 2.1]]: 32175.34 0.8% 28696.56
[[20, 3],[50, 2.1]]: 32233.6 0.78% 28818.56
[[25, 3],[50, 2.1]]: 32263.55 0.73% 29038.37
[[15, 14],[10, 1.9]]: 32316.37 0.83% 28670.76
[[15, 8],[40, 2.1]]: 32371.72 0.77% 28982.39
[[15, 3],[10, 1.9]]: 32414.61 0.76% 29066.39
[[25, 8],[50, 2.1]]: 32516.09 0.8% 28977.96
[[25, 5],[50, 2.1]]: 32644.31 0.82% 29013.03
[[20, 14],[20, 2]]: 32645.49 0.91% 28634.39
[[20, 8],[20, 2]]: 32787.06 0.97% 28542.99
[[25, 11],[10, 1.9]]: 32796.54 0.9% 28832.89
[[15, 5],[30, 2]]: 32896.35 0.91% 28860.97
[[20, 3],[10, 1.9]]: 32902.45 0.89% 28972.44
[[9, 3],[40, 2.1]]: 32920.27 0.9% 28913.51
[[15, 3],[40, 2.1]]: 33071.19 0.91% 29031.3
[[25, 5],[40, 2.1]]: 33095.75 0.96% 28840.75
[[20, 11],[50, 2.1]]: 33235.02 1.01% 28746.74
[[25, 5],[30, 2]]: 33248.91 1.01% 28762.8
[[25, 11],[50, 2.1]]: 33304.52 1.02% 28774.52
[[20, 8],[50, 2.1]]: 33376.58 1.06% 28681.52
[[20, 8],[30, 2]]: 33435.43 1.03% 28842.9
[[9, 5],[10, 1.9]]: 33498.86 1.0% 29032.46
[[20, 11],[20, 2]]: 33529.6 1.14% 28456.58
[[9, 5],[20, 2]]: 33532.78 1.0% 29053.06
[[15, 8],[50, 2.1]]: 33570.3 1.08% 28750.79
[[25, 14],[30, 2]]: 33646.34 1.18% 28413.2
[[20, 3],[20, 2]]: 33770.16 1.11% 28809.86
[[5, 3],[50, 2.1]]: 33796.14 1.03% 29168.5
[[15, 8],[30, 2]]: 33880.17 1.22% 28460.16
[[9, 5],[50, 2.1]]: 33968.65 1.11% 28976.24
[[25, 8],[30, 2]]: 34020.18 1.25% 28428.75
[[25, 11],[30, 2]]: 34050.42 1.2% 28677.16
[[25, 3],[20, 2]]: 34377.0 1.23% 28805.92
[[9, 3],[30, 2]]: 34540.04 1.25% 28890.95
[[25, 11],[40, 2.1]]: 34621.92 1.22% 29051.31
[[25, 3],[10, 1.9]]: 34676.4 1.26% 28949.72
[[25, 5],[20, 2]]: 34818.96 1.32% 28803.25
[[15, 5],[10, 1.9]]: 34857.36 1.29% 28958.25
[[15, 14],[30, 2]]: 34861.06 1.42% 28449.62
[[9, 5],[40, 2.1]]: 35264.22 1.34% 29105.26
[[20, 14],[40, 2.1]]: 35316.55 1.39% 28941.76
[[20, 11],[40, 2.1]]: 35411.81 1.39% 29038.1
[[9, 8],[10, 1.9]]: 35431.81 1.44% 28820.66
[[9, 8],[30, 2]]: 35721.87 1.53% 28681.78
[[5, 3],[40, 2.1]]: 35769.26 1.38% 29359.38
[[15, 3],[30, 2]]: 35819.97 1.47% 29016.44
[[9, 3],[20, 2]]: 35869.08 1.51% 28889.18
[[15, 5],[50, 2.1]]: 35925.38 1.55% 28796.22
[[5, 3],[30, 2]]: 35968.4 1.5% 29043.21
[[9, 8],[40, 2.1]]: 36061.41 1.53% 28993.09
[[15, 11],[30, 2]]: 36147.03 1.63% 28631.45
[[5, 3],[10, 1.9]]: 36186.11 1.52% 29127.68
[[20, 3],[30, 2]]: 36190.89 1.56% 28954.1
[[20, 11],[30, 2]]: 36295.29 1.64% 28709.94
[[15, 3],[50, 2.1]]: 36381.4 1.63% 28820.14
[[9, 3],[50, 2.1]]: 36395.81 1.59% 29005.65
[[25, 3],[30, 2]]: 36569.33 1.63% 28956.52
[[9, 5],[30, 2]]: 36633.04 1.71% 28678.44
[[25, 14],[40, 2.1]]: 36718.08 1.66% 28962.8
[[20, 14],[30, 2]]: 37220.36 1.9% 28368.35
[[9, 8],[20, 2]]: 37293.41 1.76% 29003.22
[[15, 14],[20, 2]]: 37413.23 1.69% 29377.71
[[15, 14],[40, 2.1]]: 37636.5 1.87% 28808.17
[[5, 3],[20, 2]]: 37843.34 1.88% 28945.8
[[9, 8],[50, 2.1]]: 38172.55 1.9% 29110.08
[[15, 14],[50, 2.1]]: 38262.72 1.96% 28933.88
[[15, 11],[40, 2.1]]: 38570.15 2.01% 28966.45
[[15, 11],[50, 2.1]]: 39636.97 2.21% 28922.8
hold_obdobje: 365
KONEC! 0:25:51.912381
