[[15, 3],[20, 2]]: 23699.22 -1.35% 28843.73
[[25, 3],[20, 2]]: 23843.47 -1.3% 28805.92
[[20, 3],[20, 2]]: 24090.49 -1.23% 28809.86
[[15, 5],[20, 2]]: 24518.17 -1.13% 28890.61
[[20, 3],[40, 2.1]]: 25147.22 -0.99% 29025.53
[[25, 3],[40, 2.1]]: 25427.6 -0.91% 29009.27
[[25, 5],[50, 2.1]]: 25431.83 -0.91% 29013.03
[[20, 5],[20, 2]]: 25540.58 -0.85% 28902.09
[[25, 3],[50, 2.1]]: 25548.36 -0.88% 29038.37
[[20, 5],[50, 2.1]]: 26190.34 -0.66% 28809.45
[[20, 5],[40, 2.1]]: 26246.65 -0.63% 28755.71
[[25, 8],[50, 2.1]]: 26520.72 -0.61% 28977.96
[[20, 3],[50, 2.1]]: 26577.32 -0.56% 28818.56
[[25, 5],[40, 2.1]]: 26598.53 -0.56% 28840.75
[[20, 5],[30, 2]]: 26622.76 -0.54% 28768.61
[[20, 3],[30, 2]]: 26733.31 -0.55% 28954.1
[[20, 8],[50, 2.1]]: 26790.3 -0.47% 28681.52
[[9, 3],[10, 1.9]]: 26827.16 -0.55% 29058.47
[[20, 11],[50, 2.1]]: 26963.01 -0.44% 28746.74
[[25, 5],[30, 2]]: 27005.65 -0.44% 28762.8
[[20, 8],[30, 2]]: 27056.02 -0.44% 28842.9
[[25, 11],[50, 2.1]]: 27157.81 -0.4% 28774.52
[[20, 8],[40, 2.1]]: 27216.18 -0.48% 29165.72
[[25, 8],[40, 2.1]]: 27243.64 -0.44% 29016.0
[[25, 5],[20, 2]]: 27277.62 -0.38% 28803.25
[[15, 5],[30, 2]]: 27289.79 -0.39% 28860.97
[[9, 5],[20, 2]]: 27296.83 -0.43% 29053.06
[[25, 3],[30, 2]]: 27596.29 -0.33% 28956.52
[[25, 5],[10, 1.9]]: 27643.73 -0.29% 28822.17
[[15, 3],[10, 1.9]]: 27649.26 -0.35% 29066.39
[[15, 8],[20, 2]]: 27654.65 -0.24% 28644.96
[[25, 8],[30, 2]]: 27682.04 -0.18% 28428.75
[[15, 3],[40, 2.1]]: 27915.87 -0.27% 29031.3
[[15, 8],[30, 2]]: 27931.14 -0.13% 28460.16
[[25, 3],[10, 1.9]]: 28036.84 -0.22% 28949.72
[[15, 3],[30, 2]]: 28149.85 -0.21% 29016.44
[[15, 5],[10, 1.9]]: 28151.09 -0.2% 28958.25
[[25, 8],[20, 2]]: 28232.16 -0.08% 28573.19
[[25, 11],[40, 2.1]]: 28633.23 -0.1% 29051.31
[[20, 14],[50, 2.1]]: 28649.1 -0.02% 28730.42
[[15, 5],[50, 2.1]]: 28881.49 0.02% 28796.22
[[20, 8],[20, 2]]: 28916.89 0.09% 28542.99
[[15, 5],[40, 2.1]]: 28932.75 -0.04% 29100.28
[[15, 11],[20, 2]]: 28938.84 0.1% 28514.38
[[25, 11],[20, 2]]: 28975.5 0.11% 28534.83
[[9, 3],[20, 2]]: 28978.45 0.02% 28889.18
[[25, 14],[20, 2]]: 29010.35 0.08% 28695.16
[[25, 14],[50, 2.1]]: 29042.12 0.08% 28696.56
[[20, 8],[10, 1.9]]: 29050.74 0.07% 28757.16
[[20, 3],[10, 1.9]]: 29134.62 0.04% 28972.44
[[15, 11],[10, 1.9]]: 29331.72 0.17% 28641.45
[[15, 8],[50, 2.1]]: 29506.69 0.18% 28750.79
[[20, 11],[40, 2.1]]: 29623.39 0.14% 29038.1
[[20, 14],[20, 2]]: 29641.57 0.24% 28634.39
[[20, 5],[10, 1.9]]: 29731.48 0.22% 28805.18
[[5, 3],[10, 1.9]]: 29757.76 0.15% 29127.68
[[9, 3],[40, 2.1]]: 29879.64 0.23% 28913.51
[[25, 8],[10, 1.9]]: 29971.8 0.28% 28786.76
[[9, 5],[10, 1.9]]: 29988.45 0.23% 29032.46
[[25, 11],[30, 2]]: 29992.7 0.31% 28677.16
[[15, 8],[40, 2.1]]: 30211.23 0.29% 28982.39
[[20, 11],[30, 2]]: 30274.93 0.37% 28709.94
[[20, 14],[10, 1.9]]: 30505.28 0.47% 28503.81
[[15, 8],[10, 1.9]]: 30530.07 0.39% 28876.05
[[20, 11],[10, 1.9]]: 30755.82 0.49% 28672.36
[[15, 3],[50, 2.1]]: 30887.81 0.48% 28820.14
[[5, 3],[20, 2]]: 31000.45 0.48% 28945.8
[[25, 14],[30, 2]]: 31123.91 0.63% 28413.2
[[20, 11],[20, 2]]: 31153.33 0.63% 28456.58
[[9, 5],[30, 2]]: 31392.27 0.63% 28678.44
[[25, 11],[10, 1.9]]: 31521.74 0.62% 28832.89
[[15, 14],[10, 1.9]]: 31554.48 0.67% 28670.76
[[9, 3],[30, 2]]: 31563.17 0.62% 28890.95
[[9, 8],[20, 2]]: 31580.2 0.59% 29003.22
[[25, 14],[10, 1.9]]: 31740.29 0.7% 28718.76
[[9, 8],[30, 2]]: 32209.49 0.81% 28681.78
[[20, 14],[30, 2]]: 32220.31 0.89% 28368.35
[[5, 3],[50, 2.1]]: 32274.61 0.7% 29168.5
[[9, 5],[40, 2.1]]: 32302.19 0.73% 29105.26
[[15, 11],[40, 2.1]]: 32497.29 0.8% 28966.45
[[15, 14],[30, 2]]: 33106.24 1.06% 28449.62
[[5, 3],[40, 2.1]]: 33433.17 0.91% 29359.38
[[15, 11],[30, 2]]: 33450.92 1.09% 28631.45
[[9, 3],[50, 2.1]]: 33619.67 1.03% 29005.65
[[9, 5],[50, 2.1]]: 33663.81 1.05% 28976.24
[[15, 11],[50, 2.1]]: 34171.03 1.16% 28922.8
[[9, 8],[40, 2.1]]: 34239.64 1.16% 28993.09
[[9, 8],[50, 2.1]]: 34347.59 1.15% 29110.08
[[15, 14],[20, 2]]: 34849.97 1.19% 29377.71
[[25, 14],[40, 2.1]]: 34963.22 1.32% 28962.8
[[9, 8],[10, 1.9]]: 35117.82 1.38% 28820.66
[[15, 14],[50, 2.1]]: 35412.34 1.41% 28933.88
[[15, 14],[40, 2.1]]: 35420.27 1.44% 28808.17
[[20, 14],[40, 2.1]]: 35472.13 1.42% 28941.76
[[5, 3],[30, 2]]: 35534.14 1.41% 29043.21
hold_obdobje: 31
KONEC! 0:25:34.224215
